Aek Kanopan,2,34,7,99,38,34,1,1,7,10,0,1010,10,60,0.0065
Agats,5,31,55,138,6,1,0,1,9,10,0,1010,10,60,0.0065
Aimas,1,0,25,131,20,10,0,1,9,10,0,1010,10,60,0.0065
Airmadidi,1,25,46,124,58,35,1,1,8,10,0,1010,10,60,0.0065
Ambon,3,41,48,128,10,39,0,1,9,10,0,1010,10,60,0.0065
Amlapura,8,27,19,115,35,54,0,1,8,10,0,1010,10,60,0.0065
Ampana,0,52,5,121,35,9,0,1,8,10,0,1010,10,60,0.0065
Amuntai,2,25,14,115,15,17,0,1,8,10,0,1010,10,60,0.0065
Amurang,1,11,2,124,34,9,1,1,8,10,0,1010,10,60,0.0065
Andolo,4,20,43,122,11,50,0,1,8,10,0,1010,10,60,0.0065
Anggi,1,23,37,133,52,26,0,1,9,10,0,1010,10,60,0.0065
Arga Makmur,3,26,25,102,11,50,0,1,7,10,0,1010,10,60,0.0065
Arosuka,0,57,8,100,37,16,0,1,7,10,0,1010,10,60,0.0065
Atambua,9,6,19,124,53,45,0,1,8,10,0,1010,10,60,0.0065
Baa,10,43,38,123,2,53,0,1,8,10,0,1010,10,60,0.0065
Bagan Siapi-api,2,9,42,100,48,11,1,1,7,10,0,1010,10,60,0.0065
Bajawa,8,47,19,120,58,19,0,1,8,10,0,1010,10,60,0.0065
Balangnipa,5,7,28,120,15,21,0,1,8,10,0,1010,10,60,0.0065
Balige,2,19,54,99,3,5,1,1,7,10,0,1010,10,60,0.0065
Balikpapan,1,16,37,116,49,46,0,1,8,10,0,1010,10,60,0.0065
Banawa,0,40,4,119,44,32,0,1,8,10,0,1010,10,60,0.0065
Banda Aceh,5,33,13,95,19,2,1,1,7,10,0,1010,10,60,0.0065
Bandar Lampung,5,25,46,105,15,36,0,1,7,10,0,1010,10,60,0.0065
Bandar Seri Bentan,1,5,13,104,30,13,1,1,7,10,0,1010,10,60,0.0065
Bandung BMKG,7,5,0,107,36,0,0,1,7,730,0,1010,10,60,0.0065
Bandung,6,55,18,107,36,22,0,1,7,10,0,1010,10,60,0.0065
Banggai,1,35,23,123,30,5,0,1,8,10,0,1010,10,60,0.0065
Bangil,7,35,52,112,47,1,0,1,7,10,0,1010,10,60,0.0065
Bangkalan,7,1,45,112,44,47,0,1,7,10,0,1010,10,60,0.0065
Bangkinang,0,20,49,101,1,39,1,1,7,10,0,1010,10,60,0.0065
Bangko,2,4,8,102,16,20,0,1,7,10,0,1010,10,60,0.0065
Bangli,8,27,48,115,21,16,0,1,8,10,0,1010,10,60,0.0065
Banjar,7,22,11,108,32,28,0,1,7,10,0,1010,10,60,0.0065
Banjarbaru,3,27,41,114,49,28,0,1,8,10,0,1010,10,60,0.0065
Banjarmasin,3,19,9,114,35,29,0,1,8,10,0,1010,10,60,0.0065
Banjarnegara,7,23,46,109,41,39,0,1,7,10,0,1010,10,60,0.0065
Bantaeng,5,32,46,119,56,46,0,1,8,10,0,1010,10,60,0.0065
Bantul,7,52,47,110,19,55,0,1,7,10,0,1010,10,60,0.0065
Banyuwangi,8,12,35,114,22,22,0,1,7,10,0,1010,10,60,0.0065
Barabai,2,34,54,115,22,58,0,1,8,10,0,1010,10,60,0.0065
Barru,4,24,26,119,37,11,0,1,8,10,0,1010,10,60,0.0065
Batam,1,7,36,104,3,11,1,1,7,10,0,1010,10,60,0.0065
Batang,6,54,28,109,43,46,0,1,7,10,0,1010,10,60,0.0065
Batauga,5,35,24,122,35,48,0,1,8,10,0,1010,10,60,0.0065
Batu,7,52,13,112,31,35,0,1,7,10,0,1010,10,60,0.0065
Batulicin,3,27,3,116,0,7,0,1,8,10,0,1010,10,60,0.0065
Baturaja,4,7,18,104,10,16,0,1,7,10,0,1010,10,60,0.0065
Batusangkar,0,27,9,100,35,32,0,1,7,10,0,1010,10,60,0.0065
Bau-Bau,5,27,26,122,36,21,0,1,8,10,0,1010,10,60,0.0065
Bekasi,6,14,27,106,59,59,0,1,7,10,0,1010,10,60,0.0065
Belopa,3,23,33,120,22,3,0,1,8,10,0,1010,10,60,0.0065
Bengkalis,1,28,15,102,6,23,1,1,7,10,0,1010,10,60,0.0065
Bengkayang,0,49,35,109,28,59,1,1,7,10,0,1010,10,60,0.0065
Bengkulu,3,48,1,102,15,33,0,1,7,10,0,1010,10,60,0.0065
Benteng,6,7,4,120,27,36,0,1,8,10,0,1010,10,60,0.0065
Betun,9,33,50,124,54,31,0,1,8,10,0,1010,10,60,0.0065
Biak,1,11,9,136,5,14,0,1,9,10,0,1010,10,60,0.0065
Bima,8,27,12,118,43,47,0,1,8,10,0,1010,10,60,0.0065
Binjai,3,36,30,98,29,51,1,1,7,10,0,1010,10,60,0.0065
Bintuhan,4,47,6,103,20,42,0,1,7,10,0,1010,10,60,0.0065
Bintuni,2,6,40,133,31,26,0,1,9,10,0,1010,10,60,0.0065
Bireuen,5,11,53,96,42,9,1,1,7,10,0,1010,10,60,0.0065
Bitung,1,26,5,125,7,47,1,1,8,10,0,1010,10,60,0.0065
Blambangan Umpu,4,32,2,104,28,52,0,1,7,10,0,1010,10,60,0.0065
Blang Kejeren,3,59,50,97,20,19,1,1,7,10,0,1010,10,60,0.0065
Blangpidie,3,44,15,96,50,4,1,1,7,10,0,1010,10,60,0.0065
Blitar,8,5,53,112,9,51,0,1,7,10,0,1010,10,60,0.0065
Blora,6,58,9,111,24,45,0,1,7,10,0,1010,10,60,0.0065
Bobong,1,56,56,124,23,3,0,1,9,10,0,1010,10,60,0.0065
Bogor,6,36,27,106,48,32,0,1,7,10,0,1010,10,60,0.0065
Bojonegoro,7,8,58,111,52,51,0,1,7,10,0,1010,10,60,0.0065
Bolaang Uki,0,22,55,123,59,4,1,1,8,10,0,1010,10,60,0.0065
Bondowoso,7,54,46,113,49,16,0,1,7,10,0,1010,10,60,0.0065
Bontang,0,7,10,117,29,10,1,1,8,10,0,1010,10,60,0.0065
Bontosunggu,5,40,35,119,44,23,0,1,8,10,0,1010,10,60,0.0065
Boroko,0,54,24,123,15,55,1,1,8,10,0,1010,10,60,0.0065
Borong,8,49,8,120,36,48,0,1,8,10,0,1010,10,60,0.0065
Botawa,2,14,43,136,22,37,0,1,9,10,0,1010,10,60,0.0065
Boyolali,7,31,55,110,35,49,0,1,7,10,0,1010,10,60,0.0065
Brebes,6,52,15,109,2,10,0,1,7,10,0,1010,10,60,0.0065
Bukittinggi,0,18,18,100,22,22,0,1,7,10,0,1010,10,60,0.0065
Bula,3,6,9,130,29,10,0,1,9,10,0,1010,10,60,0.0065
Bulukumba,5,33,13,120,11,35,0,1,8,10,0,1010,10,60,0.0065
Bungku,2,32,39,121,58,18,0,1,8,10,0,1010,10,60,0.0065
Buntok,1,43,11,114,50,43,0,1,7,10,0,1010,10,60,0.0065
Buol,1,9,24,121,26,18,1,1,8,10,0,1010,10,60,0.0065
Buranga,4,47,3,123,10,50,0,1,8,10,0,1010,10,60,0.0065
Burmeso,2,19,47,138,2,40,0,1,9,10,0,1010,10,60,0.0065
Calang,4,38,5,95,34,52,1,1,7,10,0,1010,10,60,0.0065
Caruban,7,32,54,111,39,39,0,1,7,10,0,1010,10,60,0.0065
Ciamis,7,19,36,108,21,4,0,1,7,10,0,1010,10,60,0.0065
Cianjur,6,49,16,107,8,22,0,1,7,10,0,1010,10,60,0.0065
Cibinong,6,28,49,106,49,24,0,1,7,10,0,1010,10,60,0.0065
Cikarang,6,21,57,107,10,18,0,1,7,10,0,1010,10,60,0.0065
Cilacap,7,43,39,109,0,32,0,1,7,10,0,1010,10,60,0.0065
Cilegon,6,0,55,106,2,56,0,1,7,10,0,1010,10,60,0.0065
Cimahi,6,52,23,107,32,30,0,1,7,10,0,1010,10,60,0.0065
Ciputat,6,17,2,106,42,51,0,1,7,10,0,1010,10,60,0.0065
Cirebon,6,42,36,108,33,30,0,1,7,10,0,1010,10,60,0.0065
Ciruas,6,7,1,106,9,23,0,1,7,10,0,1010,10,60,0.0065
Curup,3,28,45,102,31,33,0,1,7,10,0,1010,10,60,0.0065
Daik,0,13,48,104,36,31,0,1,7,10,0,1010,10,60,0.0065
Daruba,2,2,44,128,21,45,1,1,9,10,0,1010,10,60,0.0065
Demak,6,53,41,110,38,15,0,1,7,10,0,1010,10,60,0.0065
Denpasar,8,39,31,115,12,49,0,1,8,10,0,1010,10,60,0.0065
Depok,6,23,3,106,46,20,0,1,7,10,0,1010,10,60,0.0065
Dobo,5,45,40,134,13,56,0,1,9,10,0,1010,10,60,0.0065
Dolok Sanggul,2,15,41,98,44,51,1,1,7,10,0,1010,10,60,0.0065
Dompu,8,32,24,118,27,28,0,1,8,10,0,1010,10,60,0.0065
Dumai,1,34,52,101,23,10,1,1,7,10,0,1010,10,60,0.0065
Elelim,3,49,6,139,24,26,0,1,9,10,0,1010,10,60,0.0065
Enarotali,3,55,54,136,22,24,0,1,9,10,0,1010,10,60,0.0065
Ende,8,51,15,121,39,17,0,1,8,10,0,1010,10,60,0.0065
Enrekang,3,33,47,119,46,25,0,1,8,10,0,1010,10,60,0.0065
Fakfak,2,55,56,132,17,46,0,1,9,10,0,1010,10,60,0.0065
Fef,0,30,7,132,5,6,0,1,9,10,0,1010,10,60,0.0065
Garut,7,12,59,107,54,3,0,1,7,10,0,1010,10,60,0.0065
Gedong Tataan,5,24,2,105,5,14,0,1,7,10,0,1010,10,60,0.0065
Gerung,8,40,7,116,8,7,0,1,8,10,0,1010,10,60,0.0065
Gianyar,8,32,35,115,19,30,0,1,8,10,0,1010,10,60,0.0065
Gorontalo,0,32,17,123,3,38,1,1,8,10,0,1010,10,60,0.0065
Gresik,7,9,59,112,36,51,0,1,7,10,0,1010,10,60,0.0065
Gunung Sitoli,1,13,48,97,39,8,1,1,7,10,0,1010,10,60,0.0065
Gunung Sitoli,1,17,38,97,36,35,1,1,7,10,0,1010,10,60,0.0065
Gunung Tua,1,30,27,99,37,28,1,1,7,10,0,1010,10,60,0.0065
Gunungsugih,4,58,50,105,12,42,0,1,7,10,0,1010,10,60,0.0065
Idi Rayeuk,4,56,57,97,46,23,1,1,7,10,0,1010,10,60,0.0065
Ilaga,4,0,5,137,37,44,0,1,9,10,0,1010,10,60,0.0065
Indralaya,3,11,27,104,40,56,0,1,7,10,0,1010,10,60,0.0065
Indramayu,6,19,37,108,19,19,0,1,7,10,0,1010,10,60,0.0065
Jailolo,1,3,57,127,28,2,1,1,9,10,0,1010,10,60,0.0065
Jakarta Barat,6,11,42,106,44,13,0,1,7,10,0,1010,10,60,0.0065
Jakarta Pusat,6,10,13,106,49,52,0,1,7,10,0,1010,10,60,0.0065
Jakarta Selatan,6,14,7,106,47,58,0,1,7,10,0,1010,10,60,0.0065
Jakarta Timur,6,17,53,106,53,3,0,1,7,10,0,1010,10,60,0.0065
Jakarta Utara,6,7,20,106,55,4,0,1,7,10,0,1010,10,60,0.0065
Jambi,1,35,39,103,36,30,0,1,7,10,0,1010,10,60,0.0065
Jantho,5,18,4,95,36,6,1,1,7,10,0,1010,10,60,0.0065
Jayapura,2,32,41,140,41,57,0,1,9,10,0,1010,10,60,0.0065
Jember,8,10,7,113,42,2,0,1,7,10,0,1010,10,60,0.0065
Jepara,6,35,28,110,39,59,0,1,7,10,0,1010,10,60,0.0065
Jombang,7,33,25,112,13,56,0,1,7,10,0,1010,10,60,0.0065
Kabanjahe,3,6,17,98,29,53,1,1,7,10,0,1010,10,60,0.0065
Kaimana,3,37,27,133,42,19,0,1,9,10,0,1010,10,60,0.0065
Kajen,7,1,36,109,35,25,0,1,7,10,0,1010,10,60,0.0065
Kalabahi,8,13,3,124,30,57,0,1,8,10,0,1010,10,60,0.0065
Kalianda,5,43,1,105,35,14,0,1,7,10,0,1010,10,60,0.0065
Kandangan,2,47,12,115,16,6,0,1,8,10,0,1010,10,60,0.0065
Kanigoro,8,7,48,112,13,5,0,1,7,10,0,1010,10,60,0.0065
Karang Baru,4,15,40,98,3,39,1,1,7,10,0,1010,10,60,0.0065
Karang Tinggi,3,44,48,102,25,30,0,1,7,10,0,1010,10,60,0.0065
Karanganyar,7,35,40,110,56,19,0,1,7,10,0,1010,10,60,0.0065
Karawang,6,18,38,107,17,33,0,1,7,10,0,1010,10,60,0.0065
Karubaga,3,41,20,138,28,52,0,1,9,10,0,1010,10,60,0.0065
Kasongan,1,54,49,113,23,29,0,1,7,10,0,1010,10,60,0.0065
Kayu Agung,3,23,36,104,50,2,0,1,7,10,0,1010,10,60,0.0065
Kebumen,7,40,8,109,39,1,0,1,7,10,0,1010,10,60,0.0065
Kediri,7,49,37,112,0,37,0,1,7,10,0,1010,10,60,0.0065
Kefamenanu,9,26,48,124,28,39,0,1,8,10,0,1010,10,60,0.0065
Kendal,6,55,14,110,12,11,0,1,7,10,0,1010,10,60,0.0065
Kendari,3,57,58,122,30,59,0,1,8,10,0,1010,10,60,0.0065
Kenyam,4,36,22,138,22,58,0,1,9,10,0,1010,10,60,0.0065
Kepahiang,3,38,29,102,34,28,0,1,7,10,0,1010,10,60,0.0065
Kepanjen,8,8,25,112,33,43,0,1,7,10,0,1010,10,60,0.0065
Kepi,6,31,43,139,19,13,0,1,9,10,0,1010,10,60,0.0065
Kepulauan Seribu,5,44,44,106,36,48,0,1,7,10,0,1010,10,60,0.0065
Ketapang,1,50,19,109,58,28,0,1,7,10,0,1010,10,60,0.0065
Kigamani,4,2,22,136,1,32,0,1,9,10,0,1010,10,60,0.0065
Kisaran,2,58,43,99,37,48,1,1,7,10,0,1010,10,60,0.0065
Klaten,7,41,24,110,36,59,0,1,7,10,0,1010,10,60,0.0065
Klungkung,8,32,14,115,24,11,0,1,8,10,0,1010,10,60,0.0065
Koba ,2,29,25,106,24,33,0,1,7,10,0,1010,10,60,0.0065
Kobakma,3,39,59,139,3,39,0,1,9,10,0,1010,10,60,0.0065
Kolaka,4,3,35,121,35,31,0,1,8,10,0,1010,10,60,0.0065
Kolonodale,1,59,36,121,20,20,0,1,8,10,0,1010,10,60,0.0065
Kota Manna,4,27,21,102,54,23,0,1,7,10,0,1010,10,60,0.0065
Kota Pinang,1,53,43,100,5,2,1,1,7,10,0,1010,10,60,0.0065
Kotaagung,5,29,34,104,37,23,0,1,7,10,0,1010,10,60,0.0065
Kotabaru,3,14,31,116,13,36,0,1,8,10,0,1010,10,60,0.0065
Kotabumi,4,49,9,104,52,47,0,1,7,10,0,1010,10,60,0.0065
Kotamobagu,0,44,15,124,18,59,1,1,8,10,0,1010,10,60,0.0065
Kotamulia,3,43,46,137,59,1,0,1,9,10,0,1010,10,60,0.0065
Kraksaan,7,45,38,113,24,56,0,1,7,10,0,1010,10,60,0.0065
Krui,5,11,12,103,56,1,0,1,7,10,0,1010,10,60,0.0065
Kuala Kapuas,2,57,54,114,24,58,0,1,7,10,0,1010,10,60,0.0065
Kuala Kurun,1,6,2,113,52,2,0,1,7,10,0,1010,10,60,0.0065
Kuala Pembuang,3,22,55,112,33,3,0,1,7,10,0,1010,10,60,0.0065
Kuala Tungkal,0,49,10,103,27,51,0,1,7,10,0,1010,10,60,0.0065
Kudus,6,48,15,110,49,58,0,1,7,10,0,1010,10,60,0.0065
Kumurkek,1,9,31,132,27,56,0,1,9,10,0,1010,10,60,0.0065
Kuningan,6,58,55,108,28,35,0,1,7,10,0,1010,10,60,0.0065
Kupang,10,9,53,123,34,47,0,1,8,10,0,1010,10,60,0.0065
Kutacane,3,29,6,97,48,40,1,1,7,10,0,1010,10,60,0.0065
Kwandang,0,50,9,122,54,57,1,1,8,10,0,1010,10,60,0.0065
Labuan Bajo,8,29,35,119,53,3,0,1,8,10,0,1010,10,60,0.0065
Labuha,0,37,29,127,28,38,0,1,9,10,0,1010,10,60,0.0065
Labungkari,5,17,31,122,29,47,0,1,8,10,0,1010,10,60,0.0065
Lahat,3,47,20,103,32,23,0,1,7,10,0,1010,10,60,0.0065
Lahomi,0,59,58,97,29,42,1,1,7,10,0,1010,10,60,0.0065
Lamongan,7,7,13,112,24,52,0,1,7,10,0,1010,10,60,0.0065
Langara,4,1,39,122,59,21,0,1,8,10,0,1010,10,60,0.0065
Langgur,5,38,58,132,44,1,0,1,9,10,0,1010,10,60,0.0065
Langsa,4,28,12,97,58,17,1,1,7,10,0,1010,10,60,0.0065
Larantuka,8,20,39,122,58,55,0,1,8,10,0,1010,10,60,0.0065
Lasusua,3,29,55,120,52,27,0,1,8,10,0,1010,10,60,0.0065
Laworo,4,47,25,122,29,34,0,1,8,10,0,1010,10,60,0.0065
Lewoleba,8,22,21,123,25,1,0,1,8,10,0,1010,10,60,0.0065
Lhoknga,5,28,0,95,14,32,1,1,7,10,0,1010,10,60,0.0065
Lhokseumawe,5,10,48,97,8,32,1,1,7,10,0,1010,10,60,0.0065
Lhoksukon,5,2,31,97,19,22,1,1,7,10,0,1010,10,60,0.0065
Limapuluh,3,10,8,99,25,3,1,1,7,10,0,1010,10,60,0.0065
Limboto,0,37,36,122,58,49,1,1,8,10,0,1010,10,60,0.0065
Liwa,5,2,11,104,4,58,0,1,7,10,0,1010,10,60,0.0065
Lolak,0,52,33,124,0,40,1,1,8,10,0,1010,10,60,0.0065
Lotu,1,23,50,97,21,17,1,1,7,10,0,1010,10,60,0.0065
Lubuk Basung,0,18,54,100,1,51,0,1,7,10,0,1010,10,60,0.0065
Lubuk Pakam,3,33,30,98,52,49,1,1,7,10,0,1010,10,60,0.0065
Lubuk Sikaping,0,8,20,100,9,57,1,1,7,10,0,1010,10,60,0.0065
Lubuklinggau,3,17,50,102,51,37,0,1,7,10,0,1010,10,60,0.0065
Lumajang,8,8,5,113,13,24,0,1,7,10,0,1010,10,60,0.0065
Luwuk,0,56,31,122,47,27,0,1,8,10,0,1010,10,60,0.0065
Maba,0,41,40,128,17,42,1,1,9,10,0,1010,10,60,0.0065
Madiun,7,37,46,111,30,56,0,1,7,10,0,1010,10,60,0.0065
Magelang,7,28,38,110,13,1,0,1,7,10,0,1010,10,60,0.0065
Magetan,7,39,22,111,19,38,0,1,7,10,0,1010,10,60,0.0065
Majalengka,6,50,8,108,13,37,0,1,7,10,0,1010,10,60,0.0065
Majene,3,32,57,118,57,31,0,1,8,10,0,1010,10,60,0.0065
Makale,3,6,24,119,51,10,0,1,8,10,0,1010,10,60,0.0065
Makassar,5,7,50,119,25,12,0,1,8,10,0,1010,10,60,0.0065
Malang,7,58,57,112,37,47,0,1,7,10,0,1010,10,60,0.0065
Malili,2,38,20,121,5,8,0,1,8,10,0,1010,10,60,0.0065
Malinau,3,34,12,116,36,15,1,1,8,10,0,1010,10,60,0.0065
Mamasa,2,56,31,119,22,36,0,1,8,10,0,1010,10,60,0.0065
Mamuju,2,40,30,118,53,19,0,1,8,10,0,1010,10,60,0.0065
Manado,1,29,16,124,50,36,1,1,8,10,0,1010,10,60,0.0065
Manggar,2,51,12,108,17,41,0,1,7,10,0,1010,10,60,0.0065
Manokwari,0,51,46,134,4,22,0,1,9,10,0,1010,10,60,0.0065
Marabahan,2,59,5,114,46,30,0,1,8,10,0,1010,10,60,0.0065
Marisa,0,28,8,121,55,54,1,1,8,10,0,1010,10,60,0.0065
Martapura,3,23,35,114,50,33,0,1,8,10,0,1010,10,60,0.0065
Martapura,4,18,58,104,20,47,0,1,7,10,0,1010,10,60,0.0065
Masamba,2,33,13,120,19,40,0,1,8,10,0,1010,10,60,0.0065
Masohi,3,18,17,128,57,34,0,1,9,10,0,1010,10,60,0.0065
Mataram,8,34,48,116,6,3,0,1,8,10,0,1010,10,60,0.0065
Maumere,8,37,9,122,13,1,0,1,8,10,0,1010,10,60,0.0065
Mbay,8,31,12,121,17,45,0,1,8,10,0,1010,10,60,0.0065
Medan,3,34,31,98,41,15,1,1,7,10,0,1010,10,60,0.0065
Melonguane,4,0,21,126,40,38,1,1,8,10,0,1010,10,60,0.0065
Mempawah,0,21,57,108,57,8,1,1,7,10,0,1010,10,60,0.0065
Menggala,4,29,41,105,13,13,0,1,7,10,0,1010,10,60,0.0065
Mengwi,8,36,8,115,10,44,0,1,8,10,0,1010,10,60,0.0065
Mentok,3,1,12,106,30,31,0,1,7,10,0,1010,10,60,0.0065
Merauke,8,29,38,140,24,3,0,1,9,10,0,1010,10,60,0.0065
Metro,5,6,53,105,18,25,0,1,7,10,0,1010,10,60,0.0065
Meulaboh,4,9,32,96,7,29,1,1,7,10,0,1010,10,60,0.0065
Meureudu,5,13,59,96,15,42,1,1,7,10,0,1010,10,60,0.0065
Mojokerto,7,27,48,112,25,52,0,1,7,10,0,1010,10,60,0.0065
Mojosari,7,31,14,112,33,33,0,1,7,10,0,1010,10,60,0.0065
Muara Aman,3,7,12,102,11,59,0,1,7,10,0,1010,10,60,0.0065
Muara Beliti,3,14,31,103,0,41,0,1,7,10,0,1010,10,60,0.0065
Muara Bulian,1,42,42,103,15,18,0,1,7,10,0,1010,10,60,0.0065
Muara Enim,3,39,17,103,46,36,0,1,7,10,0,1010,10,60,0.0065
Muara Sabak,1,7,39,103,51,17,0,1,7,10,0,1010,10,60,0.0065
Muara Tebo,1,29,20,102,26,34,0,1,7,10,0,1010,10,60,0.0065
Muara Teweh,0,57,35,114,53,36,0,1,7,10,0,1010,10,60,0.0065
Muaradua,4,32,1,104,4,26,0,1,7,10,0,1010,10,60,0.0065
Muaro Bungo,1,28,59,102,6,55,0,1,7,10,0,1010,10,60,0.0065
Muaro Sijunjung,0,39,39,100,55,53,0,1,7,10,0,1010,10,60,0.0065
Mukomuko,2,34,41,101,7,3,0,1,7,10,0,1010,10,60,0.0065
Mungkid,7,35,38,110,13,13,0,1,7,10,0,1010,10,60,0.0065
Nabire,3,21,58,135,29,39,0,1,9,10,0,1010,10,60,0.0065
Namlea,3,15,29,127,5,57,0,1,9,10,0,1010,10,60,0.0065
Namrole,3,47,33,126,50,29,0,1,9,10,0,1010,10,60,0.0065
Nanga Bulik,2,8,27,111,22,14,0,1,7,10,0,1010,10,60,0.0065
Nanga Pinoh,0,19,54,111,44,12,0,1,7,10,0,1010,10,60,0.0065
Negara,8,20,38,114,34,11,0,1,8,10,0,1010,10,60,0.0065
Ngabang,0,22,51,109,57,13,1,1,7,10,0,1010,10,60,0.0065
Ngamprah,6,50,56,107,31,5,0,1,7,10,0,1010,10,60,0.0065
Nganjuk,7,36,10,111,54,1,0,1,7,10,0,1010,10,60,0.0065
Ngasem,7,49,10,112,2,30,0,1,7,10,0,1010,10,60,0.0065
Ngawi,7,24,11,111,26,36,0,1,7,10,0,1010,10,60,0.0065
Nunukan,4,8,31,117,38,55,1,1,8,10,0,1010,10,60,0.0065
Oelamasi,10,5,30,123,51,20,0,1,8,10,0,1010,10,60,0.0065
Oksibil,4,54,15,140,37,59,0,1,9,10,0,1010,10,60,0.0065
Ondong Siau,2,44,32,125,21,38,1,1,8,10,0,1010,10,60,0.0065
Pacitan,8,11,41,111,6,5,0,1,7,10,0,1010,10,60,0.0065
Padang Aro,1,33,2,101,14,59,0,1,7,10,0,1010,10,60,0.0065
Padang Sidempuan,1,22,26,99,16,14,1,1,7,10,0,1010,10,60,0.0065
Padang,0,55,28,100,21,44,0,1,7,10,0,1010,10,60,0.0065
Padangpanjang,0,27,56,100,24,7,0,1,7,10,0,1010,10,60,0.0065
Pagar Alam,4,1,17,103,15,2,0,1,7,10,0,1010,10,60,0.0065
Painan,1,20,44,100,34,45,0,1,7,10,0,1010,10,60,0.0065
Palangka Raya,2,13,51,113,53,25,0,1,7,10,0,1010,10,60,0.0065
Palembang,2,59,17,104,45,38,0,1,7,10,0,1010,10,60,0.0065
Palopo,2,59,41,120,11,32,0,1,8,10,0,1010,10,60,0.0065
Palu,0,53,39,119,51,10,0,1,8,10,0,1010,10,60,0.0065
Pamekasan,7,9,38,113,28,54,0,1,7,10,0,1010,10,60,0.0065
Panaragan,4,30,9,105,5,27,0,1,7,10,0,1010,10,60,0.0065
Pandan,1,40,57,98,49,58,1,1,7,10,0,1010,10,60,0.0065
Pandeglang,6,18,32,106,6,16,0,1,7,10,0,1010,10,60,0.0065
Pangkajene,4,50,14,119,32,43,0,1,8,10,0,1010,10,60,0.0065
Pangkal Pinang,2,7,47,106,6,43,0,1,7,10,0,1010,10,60,0.0065
Pangkalan Balai,2,54,50,104,24,25,0,1,7,10,0,1010,10,60,0.0065
Pangkalan Bun,2,40,17,111,38,13,0,1,7,10,0,1010,10,60,0.0065
Pangkalan Kerinci,0,24,6,101,51,28,1,1,7,10,0,1010,10,60,0.0065
Panguruan,2,36,24,98,41,44,1,1,7,10,0,1010,10,60,0.0065
Panyabungan,0,51,39,99,33,47,1,1,7,10,0,1010,10,60,0.0065
Parapat,2,40,3,98,56,18,1,1,7,10,0,1010,10,60,0.0065
Parepare,4,0,35,119,38,11,0,1,8,10,0,1010,10,60,0.0065
Pariaman,0,37,44,100,7,11,0,1,7,10,0,1010,10,60,0.0065
Parigi Sulteng,0,48,20,120,10,32,0,1,8,10,0,1010,10,60,0.0065
Parigi Jabar,7,42,6,108,29,39,0,1,7,10,0,1010,10,60,0.0065
Paringin,2,21,13,115,28,6,0,1,8,10,0,1010,10,60,0.0065
Parit Malintang,0,37,58,100,16,43,0,1,7,10,0,1010,10,60,0.0065
Pasangkayu,1,10,28,119,21,45,0,1,8,10,0,1010,10,60,0.0065
Pasarwajo,5,29,59,122,50,44,0,1,8,10,0,1010,10,60,0.0065
Pasir Pengaraian,0,53,46,100,18,30,1,1,7,10,0,1010,10,60,0.0065
Pasuruan,7,38,29,112,54,21,0,1,7,10,0,1010,10,60,0.0065
Pati,6,45,14,111,2,21,0,1,7,10,0,1010,10,60,0.0065
Pattallassang,5,25,15,119,26,30,0,1,8,10,0,1010,10,60,0.0065
Payakumbuh,0,13,28,100,38,6,0,1,7,10,0,1010,10,60,0.0065
Pekalongan,6,53,25,109,40,31,0,1,7,10,0,1010,10,60,0.0065
Pekan baru,0,31,36,101,27,3,1,1,7,10,0,1010,10,60,0.0065
Pelabuhan Ratu,6,59,18,106,33,2,0,1,7,10,0,1010,10,60,0.0065
Pelaihari,3,47,58,114,45,52,0,1,8,10,0,1010,10,60,0.0065
Pemalang,6,53,27,109,22,47,0,1,7,10,0,1010,10,60,0.0065
Pematangsiantar,2,57,15,99,3,27,1,1,7,10,0,1010,10,60,0.0065
Penajam,1,18,4,116,44,13,0,1,8,10,0,1010,10,60,0.0065
Pinrang,3,48,37,119,39,4,0,1,8,10,0,1010,10,60,0.0065
POB Cibeas,7,4,26,106,31,52,0,1,7,137,0,1010,10,60,0.0065
Piru,3,3,48,128,11,19,0,1,9,10,0,1010,10,60,0.0065
Polewali,3,24,51,119,19,2,0,1,8,10,0,1010,10,60,0.0065
Ponorogo,7,52,17,111,27,37,0,1,7,10,0,1010,10,60,0.0065
Pontianak,0,2,29,109,20,11,0,1,7,10,0,1010,10,60,0.0065
Poso,1,23,25,120,45,20,0,1,8,10,0,1010,10,60,0.0065
Prabumulih,3,25,24,104,14,30,0,1,7,10,0,1010,10,60,0.0065
Praya,8,42,10,116,16,4,0,1,8,10,0,1010,10,60,0.0065
Pringsewu,5,20,53,104,58,19,0,1,7,10,0,1010,10,60,0.0065
Probolinggo,7,44,39,113,12,54,0,1,7,10,0,1010,10,60,0.0065
Pulang Pisau,2,45,2,114,15,43,0,1,7,10,0,1010,10,60,0.0065
Purbalingga,7,23,21,109,21,44,0,1,7,10,0,1010,10,60,0.0065
Purukcahu,0,38,27,114,34,8,0,1,7,10,0,1010,10,60,0.0065
Purwakarta,6,33,21,107,26,28,0,1,7,10,0,1010,10,60,0.0065
Purwodadi,7,4,52,110,54,59,0,1,7,10,0,1010,10,60,0.0065
Purwokerto,7,25,28,109,13,45,0,1,7,10,0,1010,10,60,0.0065
Purworejo,7,42,44,110,0,28,0,1,7,10,0,1010,10,60,0.0065
Putussibau,0,52,17,112,55,25,1,1,7,10,0,1010,10,60,0.0065
Raha,4,50,16,122,43,43,0,1,8,10,0,1010,10,60,0.0065
Ranai,3,57,10,108,23,1,1,1,7,10,0,1010,10,60,0.0065
Rangkasbitung,6,21,36,106,14,44,0,1,7,10,0,1010,10,60,0.0065
Ransiki,1,30,41,134,11,36,0,1,9,10,0,1010,10,60,0.0065
Rantau Prapat,2,5,42,99,50,3,1,1,7,10,0,1010,10,60,0.0065
Rantau,2,55,51,115,9,41,0,1,8,10,0,1010,10,60,0.0065
Rantepao,2,58,7,119,53,56,0,1,8,10,0,1010,10,60,0.0065
Rasiei,2,48,48,134,31,56,0,1,9,10,0,1010,10,60,0.0065
Ratahan,1,3,17,124,48,6,1,1,8,10,0,1010,10,60,0.0065
Rembang,6,42,21,111,20,53,0,1,7,10,0,1010,10,60,0.0065
Rengat,0,23,27,102,26,25,0,1,7,10,0,1010,10,60,0.0065
Rumbia,4,44,51,122,0,37,0,1,8,10,0,1010,10,60,0.0065
Rupit,2,42,31,102,54,36,0,1,7,10,0,1010,10,60,0.0065
Ruteng,8,37,11,120,27,44,0,1,8,10,0,1010,10,60,0.0065
Sabang,5,53,38,95,19,27,1,1,7,10,0,1010,10,60,0.0065
Salak,2,32,31,98,19,26,1,1,7,10,0,1010,10,60,0.0065
Salakan,1,18,32,123,17,33,0,1,8,10,0,1010,10,60,0.0065
Salatiga,7,19,47,110,29,56,0,1,7,10,0,1010,10,60,0.0065
Samarinda,0,30,9,117,7,14,0,1,8,10,0,1010,10,60,0.0065
Sambas,1,21,42,109,18,26,1,1,7,10,0,1010,10,60,0.0065
Sampang,7,11,42,113,15,7,0,1,7,10,0,1010,10,60,0.0065
Sampit,2,32,43,112,57,49,0,1,7,10,0,1010,10,60,0.0065
Sanana,2,3,46,125,58,49,0,1,9,10,0,1010,10,60,0.0065
Sangatta,0,31,19,117,36,37,1,1,8,10,0,1010,10,60,0.0065
Sanggau,0,7,29,110,36,9,1,1,7,10,0,1010,10,60,0.0065
Sarilamak,0,9,3,100,39,50,0,1,7,10,0,1010,10,60,0.0065
Sarmi,1,52,44,138,45,16,0,1,9,10,0,1010,10,60,0.0065
Saumlaki,7,58,29,131,18,15,0,1,9,10,0,1010,10,60,0.0065
Sawahlunto,0,40,38,100,46,29,0,1,7,10,0,1010,10,60,0.0065
Seba,10,27,22,121,52,37,0,1,8,10,0,1010,10,60,0.0065
Sei Rampah,3,30,21,99,6,44,1,1,7,10,0,1010,10,60,0.0065
Sekadau,0,0,59,110,53,59,1,1,7,10,0,1010,10,60,0.0065
Sekayu,2,53,9,103,50,10,0,1,7,10,0,1010,10,60,0.0065
Selat Panjang,1,0,52,102,42,47,1,1,7,10,0,1010,10,60,0.0065
Selong,8,39,3,116,32,18,0,1,8,10,0,1010,10,60,0.0065
Semarang,6,59,1,110,26,44,0,1,7,10,0,1010,10,60,0.0065
Sendawar,0,13,59,115,41,11,0,1,8,10,0,1010,10,60,0.0065
Sengeti,1,27,16,103,30,39,0,1,7,10,0,1010,10,60,0.0065
Sengkang,4,8,25,120,1,53,0,1,8,10,0,1010,10,60,0.0065
Sentani,2,32,4,140,27,31,0,1,9,10,0,1010,10,60,0.0065
Serang,6,7,1,106,9,23,0,1,7,10,0,1010,10,60,0.0065
Serui,1,53,7,136,14,30,0,1,9,10,0,1010,10,60,0.0065
Siak Sri Indrapura,0,48,44,102,1,44,1,1,7,10,0,1010,10,60,0.0065
Sibolga,1,44,17,98,46,43,1,1,7,10,0,1010,10,60,0.0065
Sibuhuan,1,3,15,99,43,57,1,1,7,10,0,1010,10,60,0.0065
Sidikalang,2,44,50,98,18,52,1,1,7,10,0,1010,10,60,0.0065
Sidoarjo,7,26,45,112,42,59,0,1,7,10,0,1010,10,60,0.0065
Sigi Biromaru,0,54,6,119,52,29,0,1,8,10,0,1010,10,60,0.0065
Sigli,5,22,52,95,57,29,1,1,7,10,0,1010,10,60,0.0065
Simpang Ampek,0,6,27,99,49,24,1,1,7,10,0,1010,10,60,0.0065
Simpang Tiga Redelong,4,43,32,96,52,14,1,1,7,10,0,1010,10,60,0.0065
Sinabang,2,28,47,96,22,50,1,1,7,10,0,1010,10,60,0.0065
Singaparna,7,20,59,108,6,35,0,1,7,10,0,1010,10,60,0.0065
Singaraja,8,6,22,115,5,21,0,1,8,10,0,1010,10,60,0.0065
Singkawang,0,54,39,108,59,20,1,1,7,10,0,1010,10,60,0.0065
Singkil,2,17,3,97,47,16,1,1,7,10,0,1010,10,60,0.0065
Sintang,0,4,33,111,29,44,1,1,7,10,0,1010,10,60,0.0065
Sipirok,1,36,5,99,16,25,1,1,7,10,0,1010,10,60,0.0065
Situbondo,7,42,25,114,0,16,0,1,7,10,0,1010,10,60,0.0065
Siulak,1,58,5,101,21,23,0,1,7,10,0,1010,10,60,0.0065
Slawi,6,58,29,109,8,20,0,1,7,10,0,1010,10,60,0.0065
Sleman,7,42,53,110,21,19,0,1,7,10,0,1010,10,60,0.0065
Soa-Siu,0,39,7,127,26,42,1,1,9,10,0,1010,10,60,0.0065
Soe,9,51,43,124,16,17,0,1,8,10,0,1010,10,60,0.0065
Sofifi,0,44,12,127,33,35,1,1,9,10,0,1010,10,60,0.0065
Solok,0,47,46,100,39,48,0,1,7,10,0,1010,10,60,0.0065
Soreang,7,1,15,107,31,44,0,1,7,10,0,1010,10,60,0.0065
Sorendiweri,0,44,4,135,44,12,0,1,9,10,0,1010,10,60,0.0065
Sorolangun,2,18,11,102,43,28,0,1,7,10,0,1010,10,60,0.0065
Sorong,0,52,56,131,16,56,0,1,9,10,0,1010,10,60,0.0065
Sragen,7,25,44,111,1,3,0,1,7,10,0,1010,10,60,0.0065
Stabat,3,45,46,98,26,59,1,1,7,10,0,1010,10,60,0.0065
Subang,6,34,14,107,45,39,0,1,7,10,0,1010,10,60,0.0065
Subulussalam,2,39,15,98,0,7,1,1,7,10,0,1010,10,60,0.0065
Sugapa,3,44,22,137,2,22,0,1,9,10,0,1010,10,60,0.0065
Suka Makmue,4,10,34,96,18,24,1,1,7,10,0,1010,10,60,0.0065
Sukabumi,6,55,17,106,55,31,0,1,7,10,0,1010,10,60,0.0065
Sukadana,1,14,29,109,56,58,0,1,7,10,0,1010,10,60,0.0065
Sukadana,5,3,59,105,33,3,0,1,7,10,0,1010,10,60,0.0065
Sukamara,2,44,10,111,9,59,0,1,7,10,0,1010,10,60,0.0065
Sukoharjo,7,41,11,110,50,37,0,1,7,10,0,1010,10,60,0.0065
Sumbawa Besar,8,30,10,117,25,31,0,1,8,10,0,1010,10,60,0.0065
Sumber,6,45,50,108,28,42,0,1,7,10,0,1010,10,60,0.0065
Sumedang,6,51,35,107,55,12,0,1,7,10,0,1010,10,60,0.0065
Sumenep,7,0,29,113,51,32,0,1,7,10,0,1010,10,60,0.0065
Sumohai,4,29,41,139,29,45,0,1,9,10,0,1010,10,60,0.0065
Sungai Dareh,0,57,21,101,30,6,0,1,7,10,0,1010,10,60,0.0065
Sungai Penuh,2,3,59,101,23,38,0,1,7,10,0,1010,10,60,0.0065
Sungai Raya,0,7,51,109,24,28,0,1,7,10,0,1010,10,60,0.0065
Sungailiat,1,52,53,106,6,14,0,1,7,10,0,1010,10,60,0.0065
Sungguminasa,5,12,8,119,27,3,0,1,8,10,0,1010,10,60,0.0065
Surabaya,7,20,12,112,42,54,0,1,7,10,0,1010,10,60,0.0065
Surakarta,7,34,29,110,49,37,0,1,7,10,0,1010,10,60,0.0065
Suwawa,0,33,6,123,8,19,1,1,8,10,0,1010,10,60,0.0065
Tabanan,8,32,28,115,7,29,0,1,8,10,0,1010,10,60,0.0065
Tahuna,3,36,32,125,29,17,1,1,8,10,0,1010,10,60,0.0065
Tais,4,4,30,102,35,9,0,1,7,10,0,1010,10,60,0.0065
Takengon,4,37,59,96,50,34,1,1,7,10,0,1010,10,60,0.0065
Talang Ubi,3,16,23,103,49,27,0,1,7,10,0,1010,10,60,0.0065
Taliwang,8,45,13,116,51,4,0,1,8,10,0,1010,10,60,0.0065
Tambolaka,9,23,39,119,13,18,0,1,8,10,0,1010,10,60,0.0065
Tamiang Layang,2,7,5,115,10,18,0,1,7,10,0,1010,10,60,0.0065
Tana Paser,1,54,38,116,11,57,0,1,8,10,0,1010,10,60,0.0065
Tanah Merah,6,5,53,140,17,49,0,1,9,10,0,1010,10,60,0.0065
Tangerang,6,10,12,106,38,20,0,1,7,10,0,1010,10,60,0.0065
Tanjung Balai Karimun,1,1,33,103,23,26,1,1,7,10,0,1010,10,60,0.0065
Tanjung Balai,2,57,55,99,48,2,1,1,7,10,0,1010,10,60,0.0065
Tanjung Pandan,2,44,30,107,38,17,0,1,7,10,0,1010,10,60,0.0065
Tanjung Pinang,0,55,41,104,26,35,1,1,7,10,0,1010,10,60,0.0065
Tanjung,2,10,54,115,26,23,0,1,8,10,0,1010,10,60,0.0065
Tanjung,8,21,16,116,9,31,0,1,8,10,0,1010,10,60,0.0065
Tanjungredep,2,9,4,117,30,15,1,1,8,10,0,1010,10,60,0.0065
Tanjungselor,2,50,39,117,21,54,1,1,8,10,0,1010,10,60,0.0065
Tapak Tuan,3,15,29,97,10,46,1,1,7,10,0,1010,10,60,0.0065
Tarakan,3,17,55,117,37,12,1,1,8,10,0,1010,10,60,0.0065
Tarempa,3,13,1,106,12,58,1,1,7,10,0,1010,10,60,0.0065
Tarutung,2,1,16,98,57,54,1,1,7,10,0,1010,10,60,0.0065
Tasikmalaya,7,19,34,108,13,12,0,1,7,10,0,1010,10,60,0.0065
Tebing Tinggi,3,19,46,99,9,36,1,1,7,10,0,1010,10,60,0.0065
Tebing Tinggi,3,35,40,103,5,12,0,1,7,10,0,1010,10,60,0.0065
Tegal,6,52,3,109,8,14,0,1,7,10,0,1010,10,60,0.0065
Teluk Dalam,0,34,8,97,49,12,1,1,7,10,0,1010,10,60,0.0065
Teluk Kuantan,0,31,17,101,32,5,0,1,7,10,0,1010,10,60,0.0065
Temanggung,7,18,59,110,10,29,0,1,7,10,0,1010,10,60,0.0065
Tembilahan,0,19,46,103,9,24,0,1,7,10,0,1010,10,60,0.0065
Teminabuan,1,26,35,132,0,44,0,1,9,10,0,1010,10,60,0.0065
Tenggarong,0,24,47,116,59,13,0,1,8,10,0,1010,10,60,0.0065
Ternate,0,47,55,127,23,8,1,1,9,10,0,1010,10,60,0.0065
Tiakur,8,10,14,127,47,20,0,1,9,10,0,1010,10,60,0.0065
Tideng Pale,3,36,32,116,54,29,1,1,8,10,0,1010,10,60,0.0065
Tigaraksa,6,16,42,106,29,8,0,1,7,10,0,1010,10,60,0.0065
Tigi,4,2,28,136,16,44,0,1,9,10,0,1010,10,60,0.0065
Tilamuta,0,31,43,122,20,39,1,1,8,10,0,1010,10,60,0.0065
Timika,4,32,50,136,53,30,0,1,9,10,0,1010,10,60,0.0065
Tiom,3,55,37,138,27,50,0,1,9,10,0,1010,10,60,0.0065
Tirawuta,4,1,34,121,55,18,0,1,8,10,0,1010,10,60,0.0065
Tobadak,2,5,33,119,29,20,0,1,8,10,0,1010,10,60,0.0065
Tobelo,1,43,34,128,0,36,1,1,9,10,0,1010,10,60,0.0065
Toboali,2,3,19,105,10,52,0,1,7,10,0,1010,10,60,0.0065
Toli-Toli,1,2,23,120,49,6,1,1,8,10,0,1010,10,60,0.0065
Tomohon,1,19,9,124,50,16,1,1,8,10,0,1010,10,60,0.0065
Tondano,1,17,47,124,54,48,1,1,8,10,0,1010,10,60,0.0065
Trenggalek,8,2,58,111,42,34,0,1,7,10,0,1010,10,60,0.0065
Tua Pejat,2,2,32,99,34,57,0,1,7,10,0,1010,10,60,0.0065
Tual,5,39,2,132,44,13,0,1,9,10,0,1010,10,60,0.0065
Tuban,6,53,43,112,3,51,0,1,7,10,0,1010,10,60,0.0065
Tulungagung,8,3,53,111,53,59,0,1,7,10,0,1010,10,60,0.0065
Turikale,5,0,24,119,34,26,0,1,8,10,0,1010,10,60,0.0065
Tutuyan,0,45,51,124,36,53,1,1,8,10,0,1010,10,60,0.0065
Ujoh Bilang,0,30,6,115,16,14,1,1,8,10,0,1010,10,60,0.0065
Unaaha,3,51,16,122,2,59,0,1,8,10,0,1010,10,60,0.0065
Ungaran,7,8,7,110,24,32,0,1,7,10,0,1010,10,60,0.0065
Waibakul,9,35,26,119,34,37,0,1,8,10,0,1010,10,60,0.0065
Waikabubak,9,38,2,119,24,38,0,1,8,10,0,1010,10,60,0.0065
Waingapu,9,38,43,120,15,28,0,1,8,10,0,1010,10,60,0.0065
Waisai,0,25,27,130,49,13,0,1,9,10,0,1010,10,60,0.0065
Wamena,4,5,59,138,56,31,0,1,9,10,0,1010,10,60,0.0065
Wanggudu,3,30,54,122,6,31,0,1,8,10,0,1010,10,60,0.0065
Wangi-Wangi,5,19,29,123,32,10,0,1,8,10,0,1010,10,60,0.0065
Waris,2,54,24,140,45,1,0,1,9,10,0,1010,10,60,0.0065
Watampone,4,32,4,120,19,45,0,1,8,10,0,1010,10,60,0.0065
Watan Sidenreng,3,55,18,119,47,11,0,1,8,10,0,1010,10,60,0.0065
Watansoppeng,4,20,59,119,53,11,0,1,8,10,0,1010,10,60,0.0065
Wates,7,52,3,110,8,55,0,1,7,10,0,1010,10,60,0.0065
Weda,0,19,52,127,52,41,1,1,9,10,0,1010,10,60,0.0065
Wiraga Mulya,3,52,24,105,25,41,0,1,7,10,0,1010,10,60,0.0065
Woha,8,30,23,118,37,11,0,1,8,10,0,1010,10,60,0.0065
Wonogiri,7,48,53,110,55,30,0,1,7,10,0,1010,10,60,0.0065
Wonosari,7,57,51,110,35,59,0,1,7,10,0,1010,10,60,0.0065
Wonosobo,7,21,34,109,54,4,0,1,7,10,0,1010,10,60,0.0065
Yogyakarta,7,47,11,110,22,9,0,1,7,10,0,1010,10,60,0.0065