ARGENTINA Bahia Blanca,38,44,0,62,9,0,0,0,-3,0,0,1010,10,60,0.0065
ARGENTINA Catamarca,28,27,0,65,47,0,0,0,-3,0,0,1010,10,60,0.0065
ARGENTINA Comodoro Riva,45,47,0,67,28,0,0,0,-3,0,0,1010,10,60,0.0065
ARGENTINA Cordoba,31,19,0,64,12,0,0,0,-3,0,0,1010,10,60,0.0065
ARGENTINA Corrientes,27,27,0,58,46,0,0,0,-3,0,0,1010,10,60,0.0065
ARGENTINA Iguazu,25,45,0,54,28,0,0,0,-3,0,0,1010,10,60,0.0065
ARGENTINA Jujuy,24,14,0,65,15,0,0,0,-3,0,0,1010,10,60,0.0065
ARGENTINA La Rioja,29,23,0,66,47,0,0,0,-3,0,0,1010,10,60,0.0065
ARGENTINA Mar Del Plata,37,56,0,57,34,0,0,0,-3,0,0,1010,10,60,0.0065
ARGENTINA Mendoza,32,50,0,68,47,0,0,0,-3,0,0,1010,10,60,0.0065
ARGENTINA Neuquen,38,57,0,68,9,0,0,0,-3,0,0,1010,10,60,0.0065
ARGENTINA Parana,31,48,0,60,29,0,0,0,-3,0,0,1010,10,60,0.0065
ARGENTINA Paso Libres,29,41,0,57,9,0,0,0,-3,0,0,1010,10,60,0.0065
ARGENTINA Posadas,27,23,0,55,58,0,0,0,-3,0,0,1010,10,60,0.0065
ARGENTINA Rio Gallegos,51,37,0,69,20,0,0,0,-3,0,0,1010,10,60,0.0065
ARGENTINA Rosario,32,54,0,60,47,0,0,0,-3,0,0,1010,10,60,0.0065
ARGENTINA Salta,24,51,0,65,28,0,0,0,-3,0,0,1010,10,60,0.0065
ARGENTINA San Juan,31,34,0,68,25,0,0,0,-3,0,0,1010,10,60,0.0065
ARGENTINA San Luis,33,16,0,66,22,0,0,0,-3,0,0,1010,10,60,0.0065
ARGENTINA San Rafael,34,35,0,68,24,0,0,0,-3,0,0,1010,10,60,0.0065
ARGENTINA Santa Fe,31,28,0,60,51,0,0,0,-3,0,0,1010,10,60,0.0065
ARGENTINA Santa Rosa,36,34,0,64,16,0,0,0,-3,0,0,1010,10,60,0.0065
ARGENTINA Trelew,43,14,0,65,19,0,0,0,-3,0,0,1010,10,60,0.0065
ARGENTINA Tucuman,26,50,0,65,12,0,0,0,-3,0,0,1010,10,60,0.0065
ARGENTINA Viedma,40,51,0,63,1,0,0,0,-3,0,0,1010,10,60,0.0065
BAHAMAS Cat Cay,25,30,0,79,30,0,1,0,-5,0,0,1010,10,60,0.0065
BAHAMAS Freeport,26,33,0,78,42,0,1,0,-5,0,0,1010,10,60,0.0065
BAHAMAS Nassau,25,2,0,77,28,0,1,0,-5,0,0,1010,10,60,0.0065
BARBADOS Bridgetown,13,4,0,59,30,0,1,0,-4,0,0,1010,10,60,0.0065
BOLIVIA Cochabamba,17,26,0,66,10,0,0,0,-4,0,0,1010,10,60,0.0065
BOLIVIA La Paz,16,30,0,68,12,0,0,0,-4,0,0,1010,10,60,0.0065
BOLIVIA Santa Cruz,17,48,0,63,10,0,0,0,-4,0,0,1010,10,60,0.0065
BOLIVIA Trinidad,14,41,0,64,50,0,0,0,-4,0,0,1010,10,60,0.0065
BRAZIL Aracatuba,21,9,0,50,26,0,0,0,-3,0,0,1010,10,60,0.0065
BRAZIL Belem,1,23,0,48,29,0,0,0,-3,0,0,1010,10,60,0.0065
BRAZIL Belo Horizonte,19,45,0,43,58,0,0,0,-3,0,0,1010,10,60,0.0065
BRAZIL Boa Vista,2,50,0,60,40,0,1,0,-3,0,0,1010,10,60,0.0065
BRAZIL Brasilia,15,52,0,47,55,0,0,0,-3,0,0,1010,10,60,0.0065
BRAZIL Campo Grande,20,28,0,54,40,0,0,0,-3,0,0,1010,10,60,0.0065
BRAZIL Crisciuma,28,43,0,49,25,0,0,0,-3,0,0,1010,10,60,0.0065
BRAZIL Cruzeiro Do Sul,7,35,0,72,47,0,0,0,-3,0,0,1010,10,60,0.0065
BRAZIL Cuiaba,15,39,0,56,7,0,0,0,-3,0,0,1010,10,60,0.0065
BRAZIL Curitiba,25,32,0,49,11,0,0,0,-3,0,0,1010,10,60,0.0065
BRAZIL Florianopolis,27,40,0,48,33,0,0,0,-3,0,0,1010,10,60,0.0065
BRAZIL Fortaleza,3,47,0,38,32,0,0,0,-3,0,0,1010,10,60,0.0065
BRAZIL Goiania,16,38,0,49,13,0,0,0,-3,0,0,1010,10,60,0.0065
BRAZIL Iguassu Falls,25,31,0,54,35,0,0,0,-3,0,0,1010,10,60,0.0065
BRAZIL Ipatinga,19,30,0,42,32,0,0,0,-3,0,0,1010,10,60,0.0065
BRAZIL Londrina,23,20,0,51,8,0,0,0,-3,0,0,1010,10,60,0.0065
BRAZIL Macapa,0,3,0,51,4,0,1,0,-3,0,0,1010,10,60,0.0065
BRAZIL Manaus,3,2,0,60,3,0,0,0,-3,0,0,1010,10,60,0.0065
BRAZIL Montes Claros,16,42,0,43,49,0,0,0,-3,0,0,1010,10,60,0.0065
BRAZIL Natal,5,55,0,35,15,0,0,0,-3,0,0,1010,10,60,0.0065
BRAZIL Parnaiba,2,54,0,41,44,0,0,0,-3,0,0,1010,10,60,0.0065
BRAZIL Pelotas,31,43,0,52,19,0,0,0,-3,0,0,1010,10,60,0.0065
BRAZIL Ponta Pora,22,32,0,55,42,0,0,0,-3,0,0,1010,10,60,0.0065
BRAZIL Porto Alegre,29,60,0,51,10,0,0,0,-3,0,0,1010,10,60,0.0065
BRAZIL Porto Velho,8,44,0,63,54,0,0,0,-3,0,0,1010,10,60,0.0065
BRAZIL Recife,8,8,0,34,55,0,0,0,-3,0,0,1010,10,60,0.0065
BRAZIL Rio Branco,21,11,0,57,11,0,0,0,-3,0,0,1010,10,60,0.0065
BRAZIL Rio De Janeiro,22,48,0,43,15,0,0,0,-3,0,0,1010,10,60,0.0065
BRAZIL Salvador,12,55,0,38,20,0,0,0,-3,0,0,1010,10,60,0.0065
BRAZIL Santa Maria,29,43,0,53,41,0,0,0,-3,0,0,1010,10,60,0.0065
BRAZIL Santarem,2,27,0,54,42,0,0,0,-3,0,0,1010,10,60,0.0065
BRAZIL Sao Jose D Campos,23,14,0,45,52,0,0,0,-3,0,0,1010,10,60,0.0065
BRAZIL Sao Luiz,2,35,0,44,14,0,0,0,-3,0,0,1010,10,60,0.0065
BRAZIL Sao Paulo,23,0,0,47,8,0,0,0,-3,0,0,1010,10,60,0.0065
BRAZIL Tabatinga,4,14,0,69,56,0,0,0,-3,0,0,1010,10,60,0.0065
BRAZIL Teresina,5,4,0,42,49,0,0,0,-3,0,0,1010,10,60,0.0065
BRAZIL Tucurui,3,46,0,49,43,0,0,0,-3,0,0,1010,10,60,0.0065
CHILE Antofagasta,23,26,0,70,27,0,0,0,-4,0,0,1010,10,60,0.0065
CHILE Arica,18,20,0,70,20,0,0,0,-4,0,0,1010,10,60,0.0065
CHILE Balmaceda,45,55,0,71,42,0,0,0,-4,0,0,1010,10,60,0.0065
CHILE Calama,22,29,0,68,55,0,0,0,-4,0,0,1010,10,60,0.0065
CHILE Concepcion,36,46,0,73,4,0,0,0,-4,0,0,1010,10,60,0.0065
CHILE Easter Island,27,10,0,109,26,0,0,0,-4,0,0,1010,10,60,0.0065
CHILE Iquique,20,14,0,70,8,0,0,0,-4,0,0,1010,10,60,0.0065
CHILE Puerto Montt,41,26,0,73,5,0,0,0,-4,0,0,1010,10,60,0.0065
CHILE Punta Arenas,53,8,0,70,53,0,0,0,-4,0,0,1010,10,60,0.0065
CHILE Santiago,33,23,0,70,47,0,0,0,-4,0,0,1010,10,60,0.0065
COLOMBIA Bogota,4,42,0,74,9,0,1,0,0,0,0,1010,10,60,0.0065
COLOMBIA Bucaramanga,7,6,0,73,8,0,1,0,-5,0,0,1010,10,60,0.0065
COLOMBIA Cali,3,33,0,76,23,0,1,0,-5,0,0,1010,10,60,0.0065
COLOMBIA Cartagena,10,27,0,75,31,0,1,0,-5,0,0,1010,10,60,0.0065
COLOMBIA Medellin,6,13,0,75,36,0,1,0,-5,0,0,1010,10,60,0.0065
COLOMBIA Pereira,4,49,0,75,45,0,1,0,-5,0,0,1010,10,60,0.0065
COSTA RICA Liberia,10,35,0,85,33,0,1,0,-6,0,0,1010,10,60,0.0065
COSTA RICA San Jose,9,60,0,84,13,0,1,0,-6,0,0,1010,10,60,0.0065
CUBA Camaguey,21,25,0,77,51,0,1,0,-5,0,0,1010,10,60,0.0065
CUBA Guantanamo,19,54,0,75,12,0,1,0,-5,0,0,1010,10,60,0.0065
CUBA Havana,22,59,0,82,24,0,1,0,-5,0,0,1010,10,60,0.0065
CUBA Holguin,20,47,0,76,19,0,1,0,-5,0,0,1010,10,60,0.0065
CUBA Nueva Gerona,21,50,0,82,47,0,1,0,-5,0,0,1010,10,60,0.0065
CUBA Santiago,19,58,0,75,50,0,1,0,-5,0,0,1010,10,60,0.0065
CUBA Varadero,23,8,0,81,18,0,1,0,-5,0,0,1010,10,60,0.0065
ECUADOR Esmeraldas,0,58,0,79,38,0,1,0,-5,0,0,1010,10,60,0.0065
ECUADOR Guayaquil,2,9,0,79,53,0,0,0,-5,0,0,1010,10,60,0.0065
ECUADOR Manta,0,56,0,80,43,0,0,0,-5,0,0,1010,10,60,0.0065
ECUADOR Quito,0,8,0,78,29,0,0,0,-5,0,0,1010,10,60,0.0065
GUATEMALA Guatemala,14,35,0,90,32,0,1,0,-6,0,0,1010,10,60,0.0065
GUYANA Georgetown,6,48,17,58,9,17,1,0,-4,15,0,1010,10,60,0.0065
GUYANA Kaieteur,5,10,0,59,29,0,1,0,-4,0,0,1010,10,60,0.0065
HAITI Port Au Prince,18,34,0,72,20,0,1,0,-5,0,0,1010,10,60,0.0065
HONDURAS La Ceiba,15,44,0,86,51,0,1,0,6,0,0,1010,10,60,0.0065
JAMAICA Kingston,17,57,0,76,44,0,1,0,-5,0,0,1010,10,60,0.0065
JAMAICA Montego Bay,18,30,0,77,55,0,1,0,-5,0,0,1010,10,60,0.0065
MEXICO Acapulco,16,45,0,99,46,0,1,0,-6,0,0,1010,10,60,0.0065
MEXICO Campeche,19,50,0,90,31,0,1,0,-6,0,0,1010,10,60,0.0065
MEXICO Can Cun,21,2,0,86,52,0,1,0,-6,0,0,1010,10,60,0.0065
MEXICO Chetumal,18,29,0,88,20,0,1,0,-6,0,0,1010,10,60,0.0065
MEXICO Chihuahua,28,39,0,106,6,0,1,0,-6,0,0,1010,10,60,0.0065
MEXICO Ciudad Juarez,31,38,0,106,26,0,1,0,-6,0,0,1010,10,60,0.0065
MEXICO Ciudad Obregon,27,24,0,109,50,0,1,0,-7,0,0,1010,10,60,0.0065
MEXICO Culiacan,24,46,0,107,28,0,1,0,-7,0,0,1010,10,60,0.0065
MEXICO Durango,24,8,0,104,32,0,1,0,-6,0,0,1010,10,60,0.0065
MEXICO Guaymas,27,57,0,110,56,0,1,0,-7,0,0,1010,10,60,0.0065
MEXICO Mexico City,19,26,0,99,4,0,1,0,-6,0,0,1010,10,60,0.0065
NICARAGUA Managua,12,8,0,86,10,0,1,0,-6,0,0,1010,10,60,0.0065
PANAMA Fort Kobbe,8,55,0,79,36,0,1,0,-5,0,0,1010,10,60,0.0065
PANAMA Panama City,9,4,0,79,23,0,1,0,-5,0,0,1010,10,60,0.0065
PARAGUAY Asuncion,25,14,0,57,31,0,0,0,-4,0,0,1010,10,60,0.0065
PERU Arequipa,16,20,0,71,33,0,0,0,-5,0,0,1010,10,60,0.0065
PERU Chiclayo,6,47,0,79,50,0,0,0,-5,0,0,1010,10,60,0.0065
PERU Cuzco,13,32,0,71,58,0,0,0,-5,0,0,1010,10,60,0.0065
PERU Iquitos,3,45,0,73,12,0,0,0,-5,0,0,1010,10,60,0.0065
PERU Lima,12,2,0,77,7,0,0,0,-5,0,0,1010,10,60,0.0065
PERU Piura,5,12,0,80,37,0,0,0,-5,0,0,1010,10,60,0.0065
PERU Pucallpa,8,20,0,74,38,0,0,0,-5,0,0,1010,10,60,0.0065
PERU Tacna,18,4,0,70,17,0,0,0,-5,0,0,1010,10,60,0.0065
PERU Talara,4,34,0,81,15,0,0,0,-5,0,0,1010,10,60,0.0065
PERU Trujillo,8,5,0,79,7,0,0,0,-5,0,0,1010,10,60,0.0065
SURINAME Paramaribo,5,49,5,55,12,58,1,0,-3,10,0,1010,10,60,0.0065
URUGUAY Montevideo,34,50,0,56,2,0,0,0,-3,0,0,1010,10,60,0.0065
USA (AK) Adak Island,51,53,0,176,39,0,1,0,-9,0,0,1010,10,60,0.0065
USA (AK) Anchorage,61,10,0,149,59,0,1,0,-9,0,0,1010,10,60,0.0065
USA (AK) Annette Island,55,2,0,131,34,0,1,0,-9,0,0,1010,10,60,0.0065
USA (AK) Barrow,71,17,0,156,46,0,1,0,-9,0,0,1010,10,60,0.0065
USA (AK) Bethel,60,47,0,161,50,0,1,0,-9,0,0,1010,10,60,0.0065
USA (AK) Big Delta,63,60,0,145,43,0,1,0,-9,0,0,1010,10,60,0.0065
USA (AK) Brooks Lake,58,36,0,156,14,0,1,0,-9,0,0,1010,10,60,0.0065
USA (AK) Cape Sarichef,54,35,0,164,55,0,1,0,-9,0,0,1010,10,60,0.0065
USA (AK) Cordova,60,30,0,145,28,0,1,0,-9,0,0,1010,10,60,0.0065
USA (AK) Dillingham,59,3,0,158,30,0,1,0,-9,0,0,1010,10,60,0.0065
USA (AK) Dolomi,55,7,0,132,3,0,1,0,-9,0,0,1010,10,60,0.0065
USA (AK) Fairbanks,64,49,0,147,52,0,1,0,-9,0,0,1010,10,60,0.0065
USA (AK) Galena,64,44,0,156,56,0,1,0,-9,0,0,1010,10,60,0.0065
USA (AK) Homer,59,39,0,151,29,0,1,0,-9,0,0,1010,10,60,0.0065
USA (AK) Juneau,58,21,0,134,34,0,1,0,-9,0,0,1010,10,60,0.0065
USA (AK) Kenai,60,34,0,151,15,0,1,0,-9,0,0,1010,10,60,0.0065
USA (AK) Ketchikan,55,21,0,131,40,0,1,0,-9,0,0,1010,10,60,0.0065
USA (AK) King Salmon,58,41,0,156,39,0,1,0,-9,0,0,1010,10,60,0.0065
USA (AK) Kodiak,57,45,0,152,29,0,1,0,-9,0,0,1010,10,60,0.0065
USA (AK) Kotzebue,66,53,0,162,36,0,1,0,-9,0,0,1010,10,60,0.0065
USA (AK) Mcgrath,62,58,0,155,36,0,1,0,-9,0,0,1010,10,60,0.0065
USA (AK) Nome,64,31,0,165,27,0,1,0,-9,0,0,1010,10,60,0.0065
USA (AK) Northway,62,58,0,141,55,0,1,0,-9,0,0,1010,10,60,0.0065
USA (AK) Prudhoe Bay,70,12,0,148,28,0,1,0,-9,0,0,1010,10,60,0.0065
USA (AK) Shemya,52,43,0,174,5,0,1,1,-9,0,0,1010,10,60,0.0065
USA (AK) Sitka,57,3,0,135,22,0,1,0,-9,0,0,1010,10,60,0.0065
USA (AK) Valdez,61,8,0,146,14,0,1,0,-9,0,0,1010,10,60,0.0065
USA (AK) Yakutat,59,31,0,139,40,0,1,0,-9,0,0,1010,10,60,0.0065
USA (AL) Anniston,33,35,0,85,51,0,1,0,-6,0,0,1010,10,60,0.0065
USA (AL) Dothan,31,19,0,85,27,0,1,0,-6,0,0,1010,10,60,0.0065
USA (AL) Gadsden,33,58,0,86,5,0,1,0,-6,0,0,1010,10,60,0.0065
USA (AL) Hamilton,34,8,0,87,60,0,1,0,-6,0,0,1010,10,60,0.0065
USA (AL) Huntsville,34,39,0,86,47,0,1,0,-6,0,0,1010,10,60,0.0065
USA (AL) Mobile,30,41,0,88,14,0,1,0,-6,0,0,1010,10,60,0.0065
USA (AL) Montgomery,32,18,0,86,23,0,1,0,-6,0,0,1010,10,60,0.0065
USA (AL) Muscle Shoals,34,45,0,87,37,0,1,0,-6,0,0,1010,10,60,0.0065
USA (AL) Selma,32,21,0,86,59,0,1,0,-6,0,0,1010,10,60,0.0065
USA (AL) Talladega,33,34,0,86,3,0,1,0,-6,0,0,1010,10,60,0.0065
USA (AL) Tuscaloosa,33,13,0,87,37,0,1,0,-6,0,0,1010,10,60,0.0065
USA (AR) Batesville,35,44,0,91,38,0,1,0,-6,0,0,1010,10,60,0.0065
USA (AR) Blytheville,35,56,0,89,50,0,1,0,-6,0,0,1010,10,60,0.0065
USA (AR) Buenos Aires,34,34,0,58,25,0,0,0,-6,0,0,1010,10,60,0.0065
USA (AR) Camden,33,37,0,92,46,0,1,0,-6,0,0,1010,10,60,0.0065
USA (AR) Fort Smith,35,20,0,94,22,0,1,0,-6,0,0,1010,10,60,0.0065
USA (AR) Harrison,36,16,0,93,9,0,1,0,-6,0,0,1010,10,60,0.0065
USA (AR) Hot Springs,34,29,0,93,6,0,1,0,-6,0,0,1010,10,60,0.0065
USA (AR) Jacksonville,34,55,0,92,9,0,1,0,-6,0,0,1010,10,60,0.0065
USA (AR) Jonesboro,35,50,0,90,39,0,1,0,-6,0,0,1010,10,60,0.0065
USA (AR) Little Rock,34,44,0,92,14,0,1,0,-6,0,0,1010,10,60,0.0065
USA (AR) Morrilton,35,8,0,92,55,0,1,0,-6,0,0,1010,10,60,0.0065
USA (AR) Pine Bluff,34,11,0,91,56,0,1,0,-6,0,0,1010,10,60,0.0065
USA (AR) Resistencia,27,27,0,59,3,0,0,0,-6,0,0,1010,10,60,0.0065
USA (AR) Rio Cuarto,33,10,0,64,20,0,0,0,-6,0,0,1010,10,60,0.0065
USA (AR) Rio Grande,53,47,0,67,45,0,0,0,-6,0,0,1010,10,60,0.0065
USA (AR) San Carlos Debar.,41,9,0,71,10,0,0,0,-3,0,0,1010,10,60,0.0065
USA (AR) Texarkana,33,27,0,93,59,0,1,0,-6,0,0,1010,10,60,0.0065
USA (AR) Walnut Ridge,36,8,0,90,56,0,1,0,-6,0,0,1010,10,60,0.0065
USA (AZ) Casa Grande,32,57,0,111,46,0,1,0,-7,0,0,1010,10,60,0.0065
USA (AZ) Cottonwood,34,44,0,112,2,0,1,0,-7,0,0,1010,10,60,0.0065
USA (AZ) Douglas,31,28,0,109,36,0,1,0,-7,0,0,1010,10,60,0.0065
USA (AZ) Flagstaff,35,8,0,111,40,0,1,0,-7,0,0,1010,10,60,0.0065
USA (AZ) Goodyear,33,25,0,112,22,0,1,0,-7,0,0,1010,10,60,0.0065
USA (AZ) Grand Canyon,35,57,0,112,9,0,1,0,-7,0,0,1010,10,60,0.0065
USA (AZ) Kingman,35,15,0,113,56,0,1,0,-7,0,0,1010,10,60,0.0065
USA (AZ) Lake Havasu City,34,28,0,114,22,0,1,0,-7,0,0,1010,10,60,0.0065
USA (AZ) Marana,32,31,0,111,20,0,1,0,-7,0,0,1010,10,60,0.0065
USA (AZ) Nogales,31,25,0,110,51,0,1,0,-7,0,0,1010,10,60,0.0065
USA (AZ) Page,36,56,0,111,27,0,1,0,-7,0,0,1010,10,60,0.0065
USA (AZ) Phoenix,33,32,0,112,23,0,1,0,-7,0,0,1010,10,60,0.0065
USA (AZ) Prescott,34,39,0,112,25,0,1,0,-7,0,0,1010,10,60,0.0065
USA (AZ) Show Low,34,16,0,110,0,0,1,0,-7,0,0,1010,10,60,0.0065
USA (AZ) Sierra Vista,31,35,0,110,21,0,1,0,-7,0,0,1010,10,60,0.0065
USA (AZ) St Johns,34,31,0,109,23,0,1,0,-7,0,0,1010,10,60,0.0065
USA (AZ) Stamm,32,25,34,110,56,7,1,0,-7,840,0,1010,10,60,0.0065
USA (AZ) Stammn,32,25,56,110,58,51,1,0,-7,876,0,1010,10,60,0.0065
USA (AZ) Tucson,32,13,12,111,6,0,1,0,-7,963,0,1010,10,60,0.0065
USA (AZ) Winslow,35,1,0,110,44,0,1,0,-7,0,0,1010,10,60,0.0065
USA (AZ) Yuma,32,39,0,114,36,0,1,0,-7,0,0,1010,10,60,0.0065
USA (CA) Alameda,37,47,0,122,19,0,1,0,-8,0,0,1010,10,60,0.0065
USA (CA) Apple Valley,34,32,0,117,13,0,1,0,-8,0,0,1010,10,60,0.0065
USA (CA) Arcata,40,59,0,124,6,0,1,0,-8,0,0,1010,10,60,0.0065
USA (CA) Bakersfield,35,26,0,119,3,0,1,0,-8,0,0,1010,10,60,0.0065
USA (CA) Bishop,37,22,0,118,22,0,1,0,-8,0,0,1010,10,60,0.0065
USA (CA) Blythe,33,37,0,114,43,0,1,0,-8,0,0,1010,10,60,0.0065
USA (CA) Burbank,34,12,0,118,21,0,1,0,-8,0,0,1010,10,60,0.0065
USA (CA) Calexico,32,40,0,115,31,0,1,0,-8,0,0,1010,10,60,0.0065
USA (CA) Chews,36,19,0,121,34,0,1,0,-8,1500,0,1010,10,60,0.0065
USA (CA) Chico,39,48,0,121,51,0,1,0,-8,0,0,1010,10,60,0.0065
USA (CA) Chino,33,58,0,117,38,0,1,0,-8,0,0,1010,10,60,0.0065
USA (CA) Churchill Falls,53,34,0,64,7,0,1,0,-4,0,0,1010,10,60,0.0065
USA (CA) Coalinga,36,10,0,120,22,0,1,0,-8,0,0,1010,10,60,0.0065
USA (CA) Concord,37,59,0,122,3,0,1,0,-8,0,0,1010,10,60,0.0065
USA (CA) Crescent City,41,47,0,124,14,0,1,0,-8,0,0,1010,10,60,0.0065
USA (CA) Daggett,34,51,0,116,47,0,1,0,-8,0,0,1010,10,60,0.0065
USA (CA) Edwards,34,54,0,117,52,0,1,0,-8,0,0,1010,10,60,0.0065
USA (CA) El Centro,32,50,0,115,40,0,1,0,-8,0,0,1010,10,60,0.0065
USA (CA) El Toro,33,40,0,117,43,0,1,0,-8,0,0,1010,10,60,0.0065
USA (CA) Fairfield,38,16,0,121,56,0,1,0,-8,0,0,1010,10,60,0.0065
USA (CA) Fresno,36,47,0,119,43,0,1,0,-8,0,0,1010,10,60,0.0065
USA (CA) Hawthorne,33,55,0,118,20,0,1,0,-8,0,0,1010,10,60,0.0065
USA (CA) Hayward,37,40,0,122,7,0,1,0,-8,0,0,1010,10,60,0.0065
USA (CA) Hemet,33,44,0,117,1,0,1,0,-8,0,0,1010,10,60,0.0065
USA (CA) Herlong,40,16,0,120,9,0,1,0,-8,0,0,1010,10,60,0.0065
USA (CA) Iles De Madeleine,47,22,0,61,54,0,1,0,-4,0,0,1010,10,60,0.0065
USA (CA) La Verne,34,6,0,117,47,0,1,0,-8,0,0,1010,10,60,0.0065
USA (CA) Lake Tahoe,38,54,0,119,60,0,1,0,-8,0,0,1010,10,60,0.0065
USA (CA) Lancaster,34,44,0,118,13,0,1,0,-8,0,0,1010,10,60,0.0065
USA (CA) Lemoore,36,20,0,119,57,0,1,0,-8,0,0,1010,10,60,0.0065
USA (CA) Lompoc,34,44,0,120,35,0,1,0,-8,0,0,1010,10,60,0.0065
USA (CA) Long Beach,33,49,0,118,9,0,1,0,-8,0,0,1010,10,60,0.0065
USA (CA) Los Angeles,34,10,0,118,28,0,1,0,-8,0,0,1010,10,60,0.0065
USA (CA) Madera,36,59,0,120,7,0,1,0,-8,0,0,1010,10,60,0.0065
USA (CA) Mammoth Lakes,37,38,0,118,51,0,1,0,-8,0,0,1010,10,60,0.0065
USA (CA) Marysville,39,6,0,121,34,0,1,0,-8,0,0,1010,10,60,0.0065
USA (CA) Merced,37,23,0,120,34,0,1,0,-8,0,0,1010,10,60,0.0065
USA (CA) Modesto,37,38,0,120,57,0,1,0,-8,0,0,1010,10,60,0.0065
USA (CA) Mojave,35,4,0,118,9,0,1,0,-8,0,0,1010,10,60,0.0065
USA (CA) Montague,41,47,0,122,28,0,1,0,-8,0,0,1010,10,60,0.0065
USA (CA) Mountain View,37,25,0,122,3,0,1,0,-8,0,0,1010,10,60,0.0065
USA (CA) Napa,38,13,0,122,17,0,1,0,-8,0,0,1010,10,60,0.0065
USA (CA) Needles,34,46,0,114,37,0,1,0,-8,0,0,1010,10,60,0.0065
USA (CA) Oakland,37,43,0,122,13,0,1,0,-8,0,0,1010,10,60,0.0065
USA (CA) Ontario,34,3,0,117,36,0,1,0,-8,0,0,1010,10,60,0.0065
USA (CA) Orange County,33,41,0,117,52,0,1,0,-8,0,0,1010,10,60,0.0065
USA (CA) Oroville,39,30,0,121,37,0,1,0,-8,0,0,1010,10,60,0.0065
USA (CA) Oxnard,34,12,0,119,12,0,1,0,-8,0,0,1010,10,60,0.0065
USA (CA) Palm Springs,33,50,0,116,30,0,1,0,-8,0,0,1010,10,60,0.0065
USA (CA) Palmdale,34,38,0,118,5,0,1,0,-8,0,0,1010,10,60,0.0065
USA (CA) Paso Robles,35,40,0,120,38,0,1,0,-8,0,0,1010,10,60,0.0065
USA (CA) Port Hueneme,34,7,0,119,7,0,1,0,-8,0,0,1010,10,60,0.0065
USA (CA) Porterville,36,2,0,119,4,0,1,0,-8,0,0,1010,10,60,0.0065
USA (CA) Red Bluff,40,9,0,122,15,0,1,0,-8,0,0,1010,10,60,0.0065
USA (CA) Redding,40,31,0,122,18,0,1,0,-8,0,0,1010,10,60,0.0065
USA (CA) Riverside,33,57,0,117,27,0,1,0,-8,0,0,1010,10,60,0.0065
USA (CA) Sacramento,38,31,0,121,30,0,1,0,-8,0,0,1010,10,60,0.0065
USA (CA) Salinas,36,40,0,121,36,0,1,0,-8,0,0,1010,10,60,0.0065
USA (CA) San Bernardino,34,6,0,117,14,0,1,0,-8,0,0,1010,10,60,0.0065
USA (CA) San Clemente Isl,33,1,0,118,35,0,1,0,-8,0,0,1010,10,60,0.0065
USA (CA) San Diego,32,42,0,117,13,0,1,0,-8,0,0,1010,10,60,0.0065
USA (CA) San Francisco,37,37,0,122,22,0,1,0,-8,0,0,1010,10,60,0.0065
USA (CA) San Jose,37,22,0,121,56,0,1,0,-8,0,0,1010,10,60,0.0065
USA (CA) San Luis Obispo,35,14,0,120,38,0,1,0,-8,0,0,1010,10,60,0.0065
USA (CA) San Rafael,38,9,0,122,33,0,1,0,-8,0,0,1010,10,60,0.0065
USA (CA) Santa Barbara,34,26,0,119,50,0,1,0,-8,0,0,1010,10,60,0.0065
USA (CA) Santa Maria,34,54,0,120,27,0,1,0,-8,0,0,1010,10,60,0.0065
USA (CA) Santa Monica,34,1,0,118,27,0,1,0,-8,0,0,1010,10,60,0.0065
USA (CA) Santa Rosa,38,31,0,122,49,0,1,0,-8,0,0,1010,10,60,0.0065
USA (CA) Stockton,37,54,0,121,14,0,1,0,-8,0,0,1010,10,60,0.0065
USA (CA) Thermal,33,38,0,116,10,0,1,0,-8,0,0,1010,10,60,0.0065
USA (CA) Torrance,33,48,0,118,20,0,1,0,-8,0,0,1010,10,60,0.0065
USA (CA) Ukiah,39,8,0,123,12,0,1,0,-8,0,0,1010,10,60,0.0065
USA (CA) Victorville,34,35,0,117,23,0,1,0,-8,0,0,1010,10,60,0.0065
USA (CA) Visalia,36,19,0,119,24,0,1,0,-8,0,0,1010,10,60,0.0065
USA (CA) Watsonville,36,56,0,121,47,0,1,0,-8,0,0,1010,10,60,0.0065
USA (CA) Willows,39,31,0,122,13,0,1,0,-8,0,0,1010,10,60,0.0065
USA (CO) Alamosa,37,26,0,105,52,0,1,0,-7,0,0,1010,10,60,0.0065
USA (CO) Aspen,39,13,0,106,52,0,1,0,-7,0,0,1010,10,60,0.0065
USA (CO) Broomfield,39,54,0,105,7,0,1,0,-7,0,0,1010,10,60,0.0065
USA (CO) Cortez,37,18,0,108,38,0,1,0,-7,0,0,1010,10,60,0.0065
USA (CO) Durango,37,9,0,107,45,0,1,0,-7,0,0,1010,10,60,0.0065
USA (CO) Eagle,39,39,0,106,55,0,1,0,-7,0,0,1010,10,60,0.0065
USA (CO) Fort Collins,40,27,0,105,1,0,1,0,-7,0,0,1010,10,60,0.0065
USA (CO) Grand Junction,39,7,0,108,31,0,1,0,-7,0,0,1010,10,60,0.0065
USA (CO) Greeley,40,20,0,104,37,0,1,0,-7,0,0,1010,10,60,0.0065
USA (CO) Gunnison,38,32,0,106,56,0,1,0,-7,0,0,1010,10,60,0.0065
USA (CO) Hayden,40,29,0,107,13,0,1,0,-7,0,0,1010,10,60,0.0065
USA (CO) Lamar,38,4,0,102,41,0,1,0,-7,0,0,1010,10,60,0.0065
USA (CO) Leadville,39,13,0,106,19,0,1,0,-7,0,0,1010,10,60,0.0065
USA (CO) Montrose,38,30,0,107,54,0,1,0,-7,0,0,1010,10,60,0.0065
USA (CO) Pueblo,38,18,0,104,30,0,1,0,-7,0,0,1010,10,60,0.0065
USA (CO) Rifle,39,31,0,107,47,0,1,0,-7,0,0,1010,10,60,0.0065
USA (CO) Sterling,40,37,0,103,16,0,1,0,-7,0,0,1010,10,60,0.0065
USA (CO) Trinidad,37,16,0,104,20,0,1,0,-7,0,0,1010,10,60,0.0065
USA (CO) Boulder,40,1,0,105,10,0,1,0,-7,0,0,1010,10,60,0.0065
USA (CO) Colorado Springs,38,49,0,104,43,0,1,0,-7,0,0,1010,10,60,0.0065
USA (CO) Denver,39,44,38,104,59,21,1,0,-7,1593,0,1010,10,60,0.0065
USA (CT) Hartford,41,44,0,72,39,0,1,0,-5,0,0,1010,10,60,0.0065
USA (CT) New Haven,41,16,0,72,53,0,1,0,-5,0,0,1010,10,60,0.0065
USA (CT) New London,41,20,0,72,3,0,1,0,-5,0,0,1010,10,60,0.0065
USA (DE) Dover,39,8,0,75,28,0,1,0,-5,0,0,1010,10,60,0.0065
USA (DE) Georgetown,38,41,0,75,21,0,1,0,-5,0,0,1010,10,60,0.0065
USA (DE) Wilmington,39,41,0,75,36,0,1,0,-5,0,0,1010,10,60,0.0065
USA (FL) Boca Raton,26,22,0,80,7,0,1,0,-5,0,0,1010,10,60,0.0065
USA (FL) Cape Canaveral,28,28,0,80,34,0,1,0,-5,0,0,1010,10,60,0.0065
USA (FL) Cocoa,28,14,0,80,36,0,1,0,-5,0,0,1010,10,60,0.0065
USA (FL) Crestview,30,47,0,86,31,0,1,0,-5,0,0,1010,10,60,0.0065
USA (FL) Cross City,29,38,0,83,6,0,1,0,-5,0,0,1010,10,60,0.0065
USA (FL) Daytona Beach,29,11,0,81,3,0,1,0,-5,0,0,1010,10,60,0.0065
USA (FL) Fort Lauderdale,26,4,0,80,9,0,1,0,-5,0,0,1010,10,60,0.0065
USA (FL) Fort Myers,26,35,0,81,52,0,1,0,-5,0,0,1010,10,60,0.0065
USA (FL) Fort Pierce,27,30,0,80,22,0,1,0,-5,0,0,1010,10,60,0.0065
USA (FL) Gainesville,29,41,0,82,17,0,1,0,-5,0,0,1010,10,60,0.0065
USA (FL) Homestead,25,29,0,80,23,0,1,0,-5,0,0,1010,10,60,0.0065
USA (FL) Immokalee,26,26,0,81,24,0,1,0,-5,0,0,1010,10,60,0.0065
USA (FL) Jacksonville,30,13,0,81,53,0,1,0,-5,0,0,1010,10,60,0.0065
USA (FL) Key West,24,33,0,81,46,0,1,0,-5,0,0,1010,10,60,0.0065
USA (FL) Marathon,24,43,0,81,3,0,1,0,-5,0,0,1010,10,60,0.0065
USA (FL) Melbourne,28,6,0,80,39,0,1,0,-5,0,0,1010,10,60,0.0065
USA (FL) Miami,25,48,0,80,17,0,1,0,-5,0,0,1010,10,60,0.0065
USA (FL) Naples,26,9,0,81,47,0,1,0,-5,0,0,1010,10,60,0.0065
USA (FL) Ocala,29,11,0,82,14,0,1,0,-5,0,0,1010,10,60,0.0065
USA (FL) Orlando,28,33,0,81,20,0,1,0,-5,0,0,1010,10,60,0.0065
USA (FL) Panama City,30,13,0,85,41,0,1,0,-5,0,0,1010,10,60,0.0065
USA (FL) Pensacola,30,21,0,87,19,0,1,0,-5,0,0,1010,10,60,0.0065
USA (FL) Sanford,28,47,0,81,14,0,1,0,-5,0,0,1010,10,60,0.0065
USA (FL) Sarasota,27,24,0,82,33,0,1,0,-5,0,0,1010,10,60,0.0065
USA (FL) St Petersburg,27,54,0,82,41,0,1,0,-5,0,0,1010,10,60,0.0065
USA (FL) Stuart,27,11,0,80,13,0,1,0,-5,0,0,1010,10,60,0.0065
USA (FL) Tallahassee,30,24,0,84,21,0,1,0,-5,0,0,1010,10,60,0.0065
USA (FL) Tampa,27,58,0,82,32,0,1,0,-5,0,0,1010,10,60,0.0065
USA (FL) Valparaiso,30,24,0,86,50,0,1,0,-5,0,0,1010,10,60,0.0065
USA (FL) Vero Beach,27,39,0,80,25,0,1,0,-5,0,0,1010,10,60,0.0065
USA (FL) West Palm Beach,26,41,0,80,6,0,1,0,-5,0,0,1010,10,60,0.0065
USA (GA) Albany,31,32,0,84,12,0,1,0,-5,0,0,1010,10,60,0.0065
USA (GA) Athens,33,57,0,83,20,0,1,0,-5,0,0,1010,10,60,0.0065
USA (GA) Atlanta,33,47,0,84,31,0,1,0,-5,0,0,1010,10,60,0.0065
USA (GA) Augusta,33,22,0,81,58,0,1,0,-5,0,0,1010,10,60,0.0065
USA (GA) Brunswick,31,9,0,81,23,0,1,0,-5,0,0,1010,10,60,0.0065
USA (GA) Columbus,32,31,0,84,56,0,1,0,-5,0,0,1010,10,60,0.0065
USA (GA) Dalton,34,43,0,84,52,0,1,0,-5,0,0,1010,10,60,0.0065
USA (GA) Macon,33,40,0,85,1,0,1,0,-5,0,0,1010,10,60,0.0065
USA (GA) Marietta,33,55,0,84,31,0,1,0,-5,0,0,1010,10,60,0.0065
USA (GA) Moultrie,31,4,0,83,48,0,1,0,-5,0,0,1010,10,60,0.0065
USA (GA) Savannah,32,8,0,81,12,0,1,0,-5,0,0,1010,10,60,0.0065
USA (GA) Statesboro,32,29,0,81,44,0,1,0,-5,0,0,1010,10,60,0.0065
USA (GA) Thomasville,30,54,0,83,53,0,1,0,-5,0,0,1010,10,60,0.0065
USA (GA) Valdosta,30,47,0,83,17,0,1,0,-5,0,0,1010,10,60,0.0065
USA (GA) Vidalia,32,12,0,82,22,0,1,0,-5,0,0,1010,10,60,0.0065
USA (HI) Hilo,19,43,0,155,3,0,1,0,-9,0,0,1010,10,60,0.0065
USA (HI) Honolulu,21,19,0,157,56,0,1,0,-9,0,0,1010,10,60,0.0065
USA (HI) Kahului,20,54,0,156,26,0,1,0,-9,0,0,1010,10,60,0.0065
USA (HI) Kona,19,39,0,156,1,0,1,0,-9,0,0,1010,10,60,0.0065
USA (IA) Burlington,40,47,0,91,7,0,1,0,-6,0,0,1010,10,60,0.0065
USA (IA) Cedar Rapids,41,53,0,91,42,0,1,0,-6,0,0,1010,10,60,0.0065
USA (IA) Clinton,41,50,0,90,20,0,1,0,-6,0,0,1010,10,60,0.0065
USA (IA) Davenport,41,37,0,90,35,0,1,0,-6,0,0,1010,10,60,0.0065
USA (IA) Des Moines,41,32,0,93,39,0,1,0,-6,0,0,1010,10,60,0.0065
USA (IA) Dubuque,42,25,0,90,43,0,1,0,-6,0,0,1010,10,60,0.0065
USA (IA) Fort Dodge,42,33,0,94,11,0,1,0,-6,0,0,1010,10,60,0.0065
USA (IA) Iowa City,41,38,0,91,33,0,1,0,-6,0,0,1010,10,60,0.0065
USA (IA) Mason City,43,9,0,93,20,0,1,0,-6,0,0,1010,10,60,0.0065
USA (IA) Ottumwa,41,6,0,92,27,0,1,0,-6,0,0,1010,10,60,0.0065
USA (IA) Sioux City,42,24,0,96,23,0,1,0,-6,0,0,1010,10,60,0.0065
USA (IA) Spencer,43,10,0,95,12,0,1,0,-6,0,0,1010,10,60,0.0065
USA (IA) Waterloo,42,33,0,92,24,0,1,0,-6,0,0,1010,10,60,0.0065
USA (ID) Boise,43,34,0,116,14,0,1,0,-7,0,0,1010,10,60,0.0065
USA (ID) Coeur D alene,47,47,0,116,49,0,1,0,-7,0,0,1010,10,60,0.0065
USA (ID) Idaho Falls,43,31,0,112,4,0,1,0,-7,0,0,1010,10,60,0.0065
USA (ID) Lewiston,46,22,0,117,1,0,1,0,-7,0,0,1010,10,60,0.0065
USA (ID) Mountain Home,43,3,0,115,52,0,1,0,-7,0,0,1010,10,60,0.0065
USA (ID) Pocatello,42,55,0,112,36,0,1,0,-7,0,0,1010,10,60,0.0065
USA (ID) Salmon,45,7,0,113,53,0,1,0,-7,0,0,1010,10,60,0.0065
USA (ID) Twin Falls,42,29,0,114,29,0,1,0,-7,0,0,1010,10,60,0.0065
USA (IL) Bloomington,40,29,0,88,56,0,1,0,-6,0,0,1010,10,60,0.0065
USA (IL) Carbondale,37,47,0,89,15,0,1,0,-6,0,0,1010,10,60,0.0065
USA (IL) Champaign,40,2,0,88,17,0,1,0,-6,0,0,1010,10,60,0.0065
USA (IL) Chicago,41,47,0,87,45,0,1,0,-6,0,0,1010,10,60,0.0065
USA (IL) Danville,40,12,0,87,36,0,1,0,-6,0,0,1010,10,60,0.0065
USA (IL) Decatur,39,50,0,88,52,0,1,0,-6,0,0,1010,10,60,0.0065
USA (IL) Galesburg,40,56,0,90,26,0,1,0,-6,0,0,1010,10,60,0.0065
USA (IL) Glenview,42,5,0,87,49,0,1,0,-6,0,0,1010,10,60,0.0065
USA (IL) Kankakee,41,4,0,87,51,0,1,0,-6,0,0,1010,10,60,0.0065
USA (IL) Lawrenceville,38,46,0,87,36,0,1,0,-6,0,0,1010,10,60,0.0065
USA (IL) Marion,37,45,0,89,1,0,1,0,-6,0,0,1010,10,60,0.0065
USA (IL) Mattoon,39,29,0,88,17,0,1,0,-6,0,0,1010,10,60,0.0065
USA (IL) Moline,41,27,0,90,30,0,1,0,-6,0,0,1010,10,60,0.0065
USA (IL) Mt Vernon,38,19,0,88,52,0,1,0,-6,0,0,1010,10,60,0.0065
USA (IL) Peoria,40,40,0,89,41,0,1,0,-6,0,0,1010,10,60,0.0065
USA (IL) Quincy,39,57,0,91,12,0,1,0,-6,0,0,1010,10,60,0.0065
USA (IL) Rockford,42,12,0,89,6,0,1,0,-6,0,0,1010,10,60,0.0065
USA (IL) Springfield,39,51,0,89,41,0,1,0,-6,0,0,1010,10,60,0.0065
USA (IL) Sterling,41,44,0,89,41,0,1,0,-6,0,0,1010,10,60,0.0065
USA (IL) Waukegan,42,25,0,87,52,0,1,0,-6,0,0,1010,10,60,0.0065
USA (IN) Anderson,40,6,0,85,37,0,1,0,-5,0,0,1010,10,60,0.0065
USA (IN) Bloomington,39,8,0,86,37,0,1,0,-5,0,0,1010,10,60,0.0065
USA (IN) Evansville,38,2,0,87,32,0,1,0,-5,0,0,1010,10,60,0.0065
USA (IN) Fort Wayne,40,59,0,85,11,0,1,0,-5,0,0,1010,10,60,0.0065
USA (IN) Gary,41,37,0,87,25,0,1,0,-5,0,0,1010,10,60,0.0065
USA (IN) Indianapolis,39,44,0,86,17,0,1,0,-5,0,0,1010,10,60,0.0065
USA (IN) Kokomo,40,32,0,86,3,0,1,0,-5,0,0,1010,10,60,0.0065
USA (IN) Lafayette,40,25,0,86,56,0,1,0,-5,0,0,1010,10,60,0.0065
USA (IN) Marion,40,29,0,85,41,0,1,0,-5,0,0,1010,10,60,0.0065
USA (IN) Muncie,40,14,0,85,24,0,1,0,-5,0,0,1010,10,60,0.0065
USA (IN) Peru,40,39,0,86,9,0,1,0,-5,0,0,1010,10,60,0.0065
USA (IN) South Bend,41,42,0,86,19,0,1,0,-5,0,0,1010,10,60,0.0065
USA (IN) Terre Haute,39,27,0,87,18,0,1,0,-5,0,0,1010,10,60,0.0065
USA (IN) Valparaiso,41,27,0,87,0,0,1,0,-5,0,0,1010,10,60,0.0065
USA (KS) Colby,39,24,0,101,3,0,1,0,-6,0,0,1010,10,60,0.0065
USA (KS) Dodge City,37,46,0,99,58,0,1,0,-6,0,0,1010,10,60,0.0065
USA (KS) Emporia,38,20,0,96,11,0,1,0,-6,0,0,1010,10,60,0.0065
USA (KS) Ft Leavenworth,39,22,0,94,55,0,1,0,-6,0,0,1010,10,60,0.0065
USA (KS) Ft Scott,37,48,0,94,46,0,1,0,-6,0,0,1010,10,60,0.0065
USA (KS) Goodland,39,22,0,101,42,0,1,0,-6,0,0,1010,10,60,0.0065
USA (KS) Great Bend,38,21,0,98,52,0,1,0,-6,0,0,1010,10,60,0.0065
USA (KS) Hays,38,51,0,99,16,0,1,0,-6,0,0,1010,10,60,0.0065
USA (KS) Hutchinson,38,4,0,97,52,0,1,0,-6,0,0,1010,10,60,0.0065
USA (KS) Independence,37,20,0,95,31,0,1,0,-6,0,0,1010,10,60,0.0065
USA (KS) Liberal,37,3,0,100,58,0,1,0,-6,0,0,1010,10,60,0.0065
USA (KS) Newton,38,3,0,97,17,0,1,0,-6,0,0,1010,10,60,0.0065
USA (KS) Pittsburg,37,27,0,94,44,0,1,0,-6,0,0,1010,10,60,0.0065
USA (KS) Salina,38,47,0,97,39,0,1,0,-6,0,0,1010,10,60,0.0065
USA (KS) Topeka,38,57,0,95,40,0,1,0,-6,0,0,1010,10,60,0.0065
USA (KS) Wichita,37,37,0,97,16,0,1,0,-6,0,0,1010,10,60,0.0065
USA (KY) Bowling Green,36,58,0,86,25,0,1,0,-6,0,0,1010,10,60,0.0065
USA (KY) Fort Knox,37,54,0,85,58,0,1,0,-5,0,0,1010,10,60,0.0065
USA (KY) Frankfort,38,11,0,84,54,0,1,0,-5,0,0,1010,10,60,0.0065
USA (KY) Hopkinsville,36,40,0,87,30,0,1,0,-6,0,0,1010,10,60,0.0065
USA (KY) Lexington,38,2,0,84,36,0,1,0,-5,0,0,1010,10,60,0.0065
USA (KY) London,37,5,0,84,5,0,1,0,-5,0,0,1010,10,60,0.0065
USA (KY) Louisville,38,14,0,85,40,0,1,0,-5,0,0,1010,10,60,0.0065
USA (KY) Murray,36,40,0,88,22,0,1,0,-6,0,0,1010,10,60,0.0065
USA (KY) Owensboro,37,44,0,87,10,0,1,0,-6,0,0,1010,10,60,0.0065
USA (KY) Paducah,37,4,0,88,46,0,1,0,-6,0,0,1010,10,60,0.0065
USA (KY) Somerset,37,3,0,84,37,0,1,0,-5,0,0,1010,10,60,0.0065
USA (LA) Alexandria,31,19,0,92,33,0,1,0,-6,0,0,1010,10,60,0.0065
USA (LA) Baton Rouge,30,26,36,91,11,13,1,0,-6,12,0,1010,10,60,0.0065
USA (LA) New Iberia,30,2,0,91,53,0,1,0,-6,0,0,1010,10,60,0.0065
USA (LA) New Orleans,29,59,0,90,15,0,1,0,-6,0,0,1010,10,60,0.0065
USA (LA) Shreveport,32,30,0,93,40,0,1,0,-6,0,0,1010,10,60,0.0065
USA (MA) Bedford,42,28,0,71,17,0,1,0,-5,0,0,1010,10,60,0.0065
USA (MA) Beverly,42,35,0,70,55,0,1,0,-5,0,0,1010,10,60,0.0065
USA (MA) Boston,42,22,0,71,0,0,1,0,-5,0,0,1010,10,60,0.0065
USA (MA) Chicopee Falls,42,12,0,72,32,0,1,0,-5,0,0,1010,10,60,0.0065
USA (MA) Falmouth,41,39,0,70,31,0,1,0,-5,0,0,1010,10,60,0.0065
USA (MA) Hyannis,41,40,0,70,17,0,1,0,-5,0,0,1010,10,60,0.0065
USA (MA) Lawrence,42,43,0,71,7,0,1,0,-5,0,0,1010,10,60,0.0065
USA (MA) Martha s Vineyard,41,24,0,70,37,0,1,0,-5,0,0,1010,10,60,0.0065
USA (MA) New Bedford,41,41,0,70,58,0,1,0,-5,0,0,1010,10,60,0.0065
USA (MA) Pittsfield,42,26,0,73,18,0,1,0,-5,0,0,1010,10,60,0.0065
USA (MA) South Weymouth,42,9,0,70,56,0,1,0,-5,0,0,1010,10,60,0.0065
USA (MA) Westfield,42,10,0,72,43,0,1,0,-5,0,0,1010,10,60,0.0065
USA (MA) Worcester,42,16,0,71,52,0,1,0,-5,0,0,1010,10,60,0.0065
USA (MD) Annapolis,38,58,42,76,29,33,1,0,-5,9,0,1010,10,60,0.0065
USA (MD) Baltimore,39,11,0,76,40,0,1,0,-5,0,0,1010,10,60,0.0065
USA (MD) Camp Springs,38,49,0,76,52,0,1,0,-5,0,0,1010,10,60,0.0065
USA (MD) Cumberland,39,37,0,78,46,0,1,0,-5,0,0,1010,10,60,0.0065
USA (MD) Hagerstown,39,42,0,77,44,0,1,0,-5,0,0,1010,10,60,0.0065
USA (MD) Patuxent River,38,17,0,76,25,0,1,0,-5,0,0,1010,10,60,0.0065
USA (MD) Salisbury,38,20,0,75,31,0,1,0,-5,0,0,1010,10,60,0.0065
USA (MD) Washington,38,57,0,77,27,0,1,0,-5,0,0,1010,10,60,0.0065
USA (ME) Augusta,44,19,0,69,48,0,1,0,-5,0,0,1010,10,60,0.0065
USA (ME) Bangor,44,48,0,68,50,0,1,0,-5,0,0,1010,10,60,0.0065
USA (ME) Bar Harbor,44,27,0,68,22,0,1,0,-5,0,0,1010,10,60,0.0065
USA (ME) Brunswick,43,54,0,69,56,0,1,0,-5,0,0,1010,10,60,0.0065
USA (ME) Houlton,46,7,0,67,48,0,1,0,-5,0,0,1010,10,60,0.0065
USA (ME) Lewiston,44,3,0,70,17,0,1,0,-5,0,0,1010,10,60,0.0065
USA (ME) Limestone,46,57,0,67,53,0,1,0,-5,0,0,1010,10,60,0.0065
USA (ME) Millenocket,45,39,0,68,42,0,1,0,-5,0,0,1010,10,60,0.0065
USA (ME) Portland,43,39,0,70,18,0,1,0,-5,0,0,1010,10,60,0.0065
USA (ME) Presque Isle,46,41,0,68,3,0,1,0,-5,0,0,1010,10,60,0.0065
USA (ME) Rockland,44,4,0,69,6,0,1,0,-5,0,0,1010,10,60,0.0065
USA (ME) Sanford,43,24,0,70,43,0,1,0,-5,0,0,1010,10,60,0.0065
USA (ME) Waterville,44,32,0,69,41,0,1,0,-5,0,0,1010,10,60,0.0065
USA (MI)  St. Joseph,42,5,37,86,29,18,1,0,-5,0,0,1010,10,60,0.0065
USA (MI) Alma,43,19,0,84,41,0,1,0,-5,0,0,1010,10,60,0.0065
USA (MI) Alpena,45,5,0,83,33,0,1,0,-5,0,0,1010,10,60,0.0065
USA (MI) Battle Creek,42,19,0,85,15,0,1,0,-5,0,0,1010,10,60,0.0065
USA (MI) Benton Harbor,42,8,0,86,26,0,1,0,-5,0,0,1010,10,60,0.0065
USA (MI) Cadillac,44,17,0,85,25,0,1,0,-5,0,0,1010,10,60,0.0065
USA (MI) Detroit,42,13,0,83,21,0,1,0,-5,0,0,1010,10,60,0.0065
USA (MI) Escanaba,45,43,0,87,5,0,1,0,-5,0,0,1010,10,60,0.0065
USA (MI) Flint,42,58,0,83,45,0,1,0,-5,0,0,1010,10,60,0.0065
USA (MI) Gaylord,45,1,0,84,42,0,1,0,-5,0,0,1010,10,60,0.0065
USA (MI) Gladwin,43,58,0,84,28,0,1,0,-5,0,0,1010,10,60,0.0065
USA (MI) Grand Rapids,42,53,0,85,31,0,1,0,-5,0,0,1010,10,60,0.0065
USA (MI) Hancock,47,10,0,88,29,0,1,0,-5,0,0,1010,10,60,0.0065
USA (MI) Iron Mountain,45,49,0,88,7,0,1,0,-5,0,0,1010,10,60,0.0065
USA (MI) Ironwood,46,32,0,90,8,0,1,0,-5,0,0,1010,10,60,0.0065
USA (MI) Lansing,42,47,0,84,35,0,1,0,-5,0,0,1010,10,60,0.0065
USA (MI) Ludington,43,58,0,86,25,0,1,0,-5,0,0,1010,10,60,0.0065
USA (MI) Manistee,44,16,0,86,15,0,1,0,-5,0,0,1010,10,60,0.0065
USA (MI) Marquette,46,21,0,87,24,0,1,0,-5,0,0,1010,10,60,0.0065
USA (MI) Menominee,45,7,0,87,38,0,1,0,-5,0,0,1010,10,60,0.0065
USA (MI) Mt Clemens,42,36,0,82,50,0,1,0,-5,0,0,1010,10,60,0.0065
USA (MI) Muskegon,43,10,0,86,14,0,1,0,-5,0,0,1010,10,60,0.0065
USA (MI) Oscoda,44,27,0,83,24,0,1,0,-5,0,0,1010,10,60,0.0065
USA (MI) Pellston,45,34,0,84,48,0,1,0,-5,0,0,1010,10,60,0.0065
USA (MI) Pontiac,42,40,0,83,25,0,1,0,-5,0,0,1010,10,60,0.0065
USA (MI) Port Huron,42,55,0,82,32,0,1,0,-5,0,0,1010,10,60,0.0065
USA (MI) Reed City,43,54,0,85,31,0,1,0,-5,0,0,1010,10,60,0.0065
USA (MI) Saginaw,43,32,0,84,5,0,1,0,-5,0,0,1010,10,60,0.0065
USA (MI) Sault Ste Marie,46,15,0,84,28,0,1,0,-5,0,0,1010,10,60,0.0065
USA (MI) Traverse City,44,44,0,85,35,0,1,0,-5,0,0,1010,10,60,0.0065
USA (MN) Alexandria,45,52,0,95,24,0,1,0,-6,0,0,1010,10,60,0.0065
USA (MN) Baudette,48,43,0,94,36,0,1,0,-6,0,0,1010,10,60,0.0065
USA (MN) Bemidji,47,31,0,94,56,0,1,0,-6,0,0,1010,10,60,0.0065
USA (MN) Brainerd,46,24,0,94,8,0,1,0,-6,0,0,1010,10,60,0.0065
USA (MN) Detroit Lakes,46,50,0,95,53,0,1,0,-6,0,0,1010,10,60,0.0065
USA (MN) Duluth,46,51,0,92,11,0,1,0,-7,0,0,1010,10,60,0.0065
USA (MN) Eveleth,47,26,0,92,30,0,1,0,-6,0,0,1010,10,60,0.0065
USA (MN) Fairmont,43,39,0,94,25,0,1,0,-6,0,0,1010,10,60,0.0065
USA (MN) Grand Rapids,47,13,0,93,31,0,1,0,-6,0,0,1010,10,60,0.0065
USA (MN) Hibbing,47,23,0,92,50,0,1,0,-6,0,0,1010,10,60,0.0065
USA (MN) Internat l Falls,48,34,0,93,24,0,1,0,-6,0,0,1010,10,60,0.0065
USA (MN) Mankato,44,13,0,93,55,0,1,0,-6,0,0,1010,10,60,0.0065
USA (MN) Marshall,44,27,0,95,49,0,1,0,-6,0,0,1010,10,60,0.0065
USA (MN) Minneapolis,44,56,0,93,4,0,1,0,-6,0,0,1010,10,60,0.0065
USA (MN) Owatonna,44,7,0,93,15,0,1,0,-6,0,0,1010,10,60,0.0065
USA (MN) Rochester,43,55,0,92,30,0,1,0,-6,0,0,1010,10,60,0.0065
USA (MN) Saint Paul,44,56,38,93,5,35,1,0,-6,224,0,1010,10,60,0.0065
USA (MN) St Cloud,45,35,0,94,11,0,1,0,-6,0,0,1010,10,60,0.0065
USA (MN) Thief River Falls,48,4,0,96,11,0,1,0,-6,0,0,1010,10,60,0.0065
USA (MN) Willmar,45,7,0,95,5,0,1,0,-6,0,0,1010,10,60,0.0065
USA (MN) Worthington,43,39,0,95,35,0,1,0,-6,0,0,1010,10,60,0.0065
USA (MO) Cape Girardeau,37,13,0,89,34,0,1,0,-6,0,0,1010,10,60,0.0065
USA (MO) Columbia,38,49,0,92,13,0,1,0,-6,0,0,1010,10,60,0.0065
USA (MO) Fort Leonard Wood,37,44,0,92,8,0,1,0,-6,0,0,1010,10,60,0.0065
USA (MO) Grandview,38,51,0,94,34,0,1,0,-6,0,0,1010,10,60,0.0065
USA (MO) Jefferson City,38,36,0,92,9,0,1,0,-6,0,0,1010,10,60,0.0065
USA (MO) Joplin,37,9,0,94,30,0,1,0,-6,0,0,1010,10,60,0.0065
USA (MO) Kansas City,39,18,0,94,44,0,1,0,-6,0,0,1010,10,60,0.0065
USA (MO) Kirksville,40,6,0,92,33,0,1,0,-6,0,0,1010,10,60,0.0065
USA (MO) Lake Of Ozarks,38,6,0,92,33,0,1,0,-6,0,0,1010,10,60,0.0065
USA (MO) Malden,36,36,0,89,59,0,1,0,-6,0,0,1010,10,60,0.0065
USA (MO) Moberly,39,28,0,92,26,0,1,0,-6,0,0,1010,10,60,0.0065
USA (MO) Nevada,37,51,0,94,18,0,1,0,-6,0,0,1010,10,60,0.0065
USA (MO) Sedalia,38,42,0,93,11,0,1,0,-6,0,0,1010,10,60,0.0065
USA (MO) Springfield,37,14,0,93,23,0,1,0,-6,0,0,1010,10,60,0.0065
USA (MO) St Joseph,39,47,0,94,55,0,1,0,-6,0,0,1010,10,60,0.0065
USA (MO) St Louis,38,45,0,90,22,0,1,0,-6,0,0,1010,10,60,0.0065
USA (MO) Vichy,38,8,0,91,47,0,1,0,-6,0,0,1010,10,60,0.0065
USA (MO) Warrensburg,38,44,0,93,33,0,1,0,-6,0,0,1010,10,60,0.0065
USA (MS) Biloxi,30,25,0,88,55,0,1,0,-6,0,0,1010,10,60,0.0065
USA (MS) Columbus,33,39,0,88,27,0,1,0,-6,0,0,1010,10,60,0.0065
USA (MS) Greenville,33,29,0,90,59,0,1,0,-6,0,0,1010,10,60,0.0065
USA (MS) Gulfport,30,24,0,89,4,0,1,0,-6,0,0,1010,10,60,0.0065
USA (MS) Hattiesburg,31,16,0,89,15,0,1,0,-6,0,0,1010,10,60,0.0065
USA (MS) Jackson,32,19,0,90,5,0,1,0,-6,0,0,1010,10,60,0.0065
USA (MS) Laurel,31,28,0,89,20,0,1,0,-6,0,0,1010,10,60,0.0065
USA (MS) Mccomb,31,11,0,90,28,0,1,0,-6,0,0,1010,10,60,0.0065
USA (MS) Meridian,32,20,0,88,45,0,1,0,-6,0,0,1010,10,60,0.0065
USA (MS) Natchez,31,37,0,91,18,0,1,0,-6,0,0,1010,10,60,0.0065
USA (MS) Pascagoula,30,23,0,88,30,0,1,0,-6,0,0,1010,10,60,0.0065
USA (MS) Tupelo,34,16,0,88,46,0,1,0,-6,0,0,1010,10,60,0.0065
USA (MS) University,34,23,0,89,32,0,1,0,-6,0,0,1010,10,60,0.0065
USA (MS) Vicksburg,32,14,0,90,56,0,1,0,-6,0,0,1010,10,60,0.0065
USA (MT) Billings,45,48,0,108,33,0,1,0,-7,0,0,1010,10,60,0.0065
USA (MT) Bozeman,45,47,0,111,10,0,1,0,-7,0,0,1010,10,60,0.0065
USA (MT) Butte,45,57,0,112,30,0,1,0,-7,0,0,1010,10,60,0.0065
USA (MT) Cut Bank,48,37,0,112,23,0,1,0,-7,0,0,1010,10,60,0.0065
USA (MT) Glasgow,48,13,0,106,37,0,1,0,-7,0,0,1010,10,60,0.0065
USA (MT) Glendive,47,8,0,104,48,0,1,0,-7,0,0,1010,10,60,0.0065
USA (MT) Great Falls,47,29,0,111,22,0,1,0,-7,0,0,1010,10,60,0.0065
USA (MT) Havre,48,33,0,109,46,0,1,0,-7,0,0,1010,10,60,0.0065
USA (MT) Helena,46,36,0,111,59,0,1,0,-7,0,0,1010,10,60,0.0065
USA (MT) Kalispell,48,19,0,114,15,0,1,0,-7,0,0,1010,10,60,0.0065
USA (MT) Miles City,46,26,0,105,53,0,1,0,-7,0,0,1010,10,60,0.0065
USA (MT) Missoula,46,55,0,114,5,0,1,0,-7,0,0,1010,10,60,0.0065
USA (MT) Sidney,47,42,0,104,12,0,1,0,-7,0,0,1010,10,60,0.0065
USA (MT) West Yellowstone,44,41,0,111,6,0,1,0,-7,0,0,1010,10,60,0.0065
USA (MT) Wolf Point,48,6,0,105,34,0,1,0,-7,0,0,1010,10,60,0.0065
USA (NC) Asheville,35,26,0,82,32,0,1,0,-5,0,0,1010,10,60,0.0065
USA (NC) Charlotte,35,13,0,80,56,0,1,0,-5,0,0,1010,10,60,0.0065
USA (NC) Cherry Point,34,54,0,76,53,0,1,0,-5,0,0,1010,10,60,0.0065
USA (NC) Elizabeth,36,16,0,76,10,0,1,0,-5,0,0,1010,10,60,0.0065
USA (NC) Fayetteville,35,10,0,79,1,0,1,0,-5,0,0,1010,10,60,0.0065
USA (NC) Goldsboro,35,20,0,77,58,0,1,0,-5,0,0,1010,10,60,0.0065
USA (NC) Greensboro,36,6,0,79,57,0,1,0,-5,0,0,1010,10,60,0.0065
USA (NC) Greenville,35,38,0,77,23,0,1,0,-5,0,0,1010,10,60,0.0065
USA (NC) Hickory,35,44,0,81,23,0,1,0,-5,0,0,1010,10,60,0.0065
USA (NC) Jacksonville,34,50,0,77,37,0,1,0,-5,0,0,1010,10,60,0.0065
USA (NC) Kinston,35,20,0,77,37,0,1,0,-5,0,0,1010,10,60,0.0065
USA (NC) Lumberton,34,37,0,79,3,0,1,0,-5,0,0,1010,10,60,0.0065
USA (NC) New Bern,35,4,0,77,3,0,1,0,-5,0,0,1010,10,60,0.0065
USA (NC) Pinehurst,35,11,0,79,35,0,1,0,-5,0,0,1010,10,60,0.0065
USA (NC) Raleigh,35,53,0,78,47,0,1,0,-5,0,0,1010,10,60,0.0065
USA (NC) Rocky Mount,35,51,0,77,53,0,1,0,-5,0,0,1010,10,60,0.0065
USA (NC) Washington,35,34,0,77,3,0,1,0,-5,0,0,1010,10,60,0.0065
USA (NC) Wilmington,34,16,0,77,54,0,1,0,-5,0,0,1010,10,60,0.0065
USA (NC) Winston-salem,36,8,0,80,14,0,1,0,-5,0,0,1010,10,60,0.0065
USA (ND) Bismarck,46,47,0,100,45,0,1,0,-6,0,0,1010,10,60,0.0065
USA (ND) Dickinson,46,48,0,102,48,0,1,0,-7,0,0,1010,10,60,0.0065
USA (ND) Fargo,46,55,0,96,49,0,1,0,-6,0,0,1010,10,60,0.0065
USA (ND) Grand Forks,47,57,0,97,11,0,1,0,-6,0,0,1010,10,60,0.0065
USA (ND) Jamestown,46,56,0,98,41,0,1,0,-6,0,0,1010,10,60,0.0065
USA (ND) Minot,48,25,0,101,21,0,1,0,-6,0,0,1010,10,60,0.0065
USA (ND) Williston,48,11,0,103,38,0,1,0,-6,0,0,1010,10,60,0.0065
USA (NE) Alliance,42,3,0,102,48,0,1,0,-7,0,0,1010,10,60,0.0065
USA (NE) Beatrice,40,18,0,96,45,0,1,0,-6,0,0,1010,10,60,0.0065
USA (NE) Chadron,42,50,0,103,6,0,1,0,-7,0,0,1010,10,60,0.0065
USA (NE) Columbus,41,27,0,97,21,0,1,0,-6,0,0,1010,10,60,0.0065
USA (NE) Grand Island,40,58,0,98,18,0,1,0,-6,0,0,1010,10,60,0.0065
USA (NE) Hastings,40,36,0,98,26,0,1,0,-6,0,0,1010,10,60,0.0065
USA (NE) Kearney,40,44,0,98,60,0,1,0,-6,0,0,1010,10,60,0.0065
USA (NE) Lincoln,40,51,0,96,46,0,1,0,-6,0,0,1010,10,60,0.0065
USA (NE) Mccook,40,12,0,100,35,0,1,0,-6,0,0,1010,10,60,0.0065
USA (NE) Norfolk,41,59,0,97,26,0,1,0,-6,0,0,1010,10,60,0.0065
USA (NE) North Platte,41,8,0,100,42,0,1,0,-6,0,0,1010,10,60,0.0065
USA (NE) Ogallala,41,7,0,101,46,0,1,0,-7,0,0,1010,10,60,0.0065
USA (NE) Omaha,41,18,0,95,54,0,1,0,-6,0,0,1010,10,60,0.0065
USA (NE) Oneill,42,28,0,98,41,0,1,0,-6,0,0,1010,10,60,0.0065
USA (NE) Scottsbluff,41,53,0,103,36,0,1,0,-7,0,0,1010,10,60,0.0065
USA (NE) Sidney,41,6,0,102,59,0,1,0,-7,0,0,1010,10,60,0.0065
USA (NE) Valentine,42,51,0,100,33,0,1,0,-6,0,0,1010,10,60,0.0065
USA (NH) Berlin,44,34,0,71,11,0,1,0,-5,0,0,1010,10,60,0.0065
USA (NH) Concord,43,12,0,71,30,0,1,0,-5,0,0,1010,10,60,0.0065
USA (NH) Keene,42,54,0,72,16,0,1,0,-5,0,0,1010,10,60,0.0065
USA (NH) Lebanon,43,38,0,72,18,0,1,0,-5,0,0,1010,10,60,0.0065
USA (NH) Manchester,42,56,0,71,26,0,1,0,-5,0,0,1010,10,60,0.0065
USA (NH) Nashua,42,47,0,71,31,0,1,0,-5,0,0,1010,10,60,0.0065
USA (NH) Portsmouth,43,5,0,70,49,0,1,0,-5,0,0,1010,10,60,0.0065
USA (NJ) Atlantic City,39,27,0,74,35,0,1,0,-5,0,0,1010,10,60,0.0065
USA (NJ) Belmar,40,11,0,74,8,0,1,0,-5,0,0,1010,10,60,0.0065
USA (NJ) Caldwell,40,53,0,74,17,0,1,0,-5,0,0,1010,10,60,0.0065
USA (NJ) Cape May,39,0,0,74,55,0,1,0,-5,0,0,1010,10,60,0.0065
USA (NJ) Fort Dix,40,1,0,74,36,0,1,0,-5,0,0,1010,10,60,0.0065
USA (NJ) Lakehurst,40,2,0,74,21,0,1,0,-5,0,0,1010,10,60,0.0065
USA (NJ) Millville,39,22,0,75,4,0,1,0,-5,0,0,1010,10,60,0.0065
USA (NJ) Morristown,40,48,0,74,25,0,1,0,-5,0,0,1010,10,60,0.0065
USA (NJ) Newark,40,42,0,74,10,0,1,0,-5,0,0,1010,10,60,0.0065
USA (NJ) Teterboro,40,51,0,74,4,0,1,0,-5,0,0,1010,10,60,0.0065
USA (NJ) Trenton,40,17,0,74,49,0,1,0,-5,0,0,1010,10,60,0.0065
USA (NM) Alamogordo,32,51,0,106,6,0,1,0,-7,0,0,1010,10,60,0.0065
USA (NM) Albuquerque,35,3,0,106,36,0,1,0,-7,0,0,1010,10,60,0.0065
USA (NM) Artesia,32,51,0,104,28,0,1,0,-7,0,0,1010,10,60,0.0065
USA (NM) Carlsbad,32,20,0,104,16,0,1,0,-7,0,0,1010,10,60,0.0065
USA (NM) Clovis,34,23,0,103,19,0,1,0,-7,0,0,1010,10,60,0.0065
USA (NM) Farmington,36,44,0,108,14,0,1,0,-7,0,0,1010,10,60,0.0065
USA (NM) Gallup,35,31,0,108,47,0,1,0,-7,0,0,1010,10,60,0.0065
USA (NM) Hobbs,32,41,0,103,13,0,1,0,-7,0,0,1010,10,60,0.0065
USA (NM) Las Cruces,32,17,0,106,55,0,1,0,-7,0,0,1010,10,60,0.0065
USA (NM) Las Vegas,35,9,0,105,9,0,1,0,-7,0,0,1010,10,60,0.0065
USA (NM) Raton,36,44,0,104,30,0,1,0,-7,0,0,1010,10,60,0.0065
USA (NM) Roswell,33,18,0,104,32,0,1,0,-7,0,0,1010,10,60,0.0065
USA (NM) Ruidoso,33,22,0,105,40,0,1,0,-7,0,0,1010,10,60,0.0065
USA (NM) Santa Fe,35,37,0,106,5,0,1,0,-7,0,0,1010,10,60,0.0065
USA (NM) Silver City,32,38,0,108,9,0,1,0,-7,0,0,1010,10,60,0.0065
USA (NM) Socorro,34,1,0,106,54,0,1,0,-7,0,0,1010,10,60,0.0065
USA (NM) Truth Or Conseq.,33,14,0,107,16,0,1,0,-7,0,0,1010,10,60,0.0065
USA (NM) Tucumcari,35,11,0,103,36,0,1,0,-7,0,0,1010,10,60,0.0065
USA (NV) Carson City,39,9,54,119,46,1,1,0,-8,1428,0,1010,10,60,0.0065
USA (NV) Elko,40,49,0,115,47,0,1,0,-8,0,0,1010,10,60,0.0065
USA (NV) Ely,39,18,0,114,51,0,1,0,-8,0,0,1010,10,60,0.0065
USA (NV) Fallon,39,30,0,118,45,0,1,0,-8,0,0,1010,10,60,0.0065
USA (NV) Hawthorne,38,33,0,118,38,0,1,0,-8,0,0,1010,10,60,0.0065
USA (NV) Las Vegas,36,13,0,115,12,0,1,0,-8,0,0,1010,10,60,0.0065
USA (NV) Lovelock,40,4,0,118,34,0,1,0,-8,0,0,1010,10,60,0.0065
USA (NV) Mercury,36,37,0,116,2,0,1,0,-8,0,0,1010,10,60,0.0065
USA (NV) Reno,39,30,0,119,46,0,1,0,-8,0,0,1010,10,60,0.0065
USA (NV) Tonopah,38,3,0,117,5,0,1,0,-8,0,0,1010,10,60,0.0065
USA (NV) Wells,41,7,0,114,55,0,1,0,-8,0,0,1010,10,60,0.0065
USA (NV) Winnemucca,40,54,0,117,48,0,1,0,-8,0,0,1010,10,60,0.0065
USA (NY) Albany,42,45,0,73,48,0,1,0,-5,0,0,1010,10,60,0.0065
USA (NY) Binghamton,42,12,0,75,58,0,1,0,-5,0,0,1010,10,60,0.0065
USA (NY) Buffalo,42,56,0,78,44,0,1,0,-5,0,0,1010,10,60,0.0065
USA (NY) Elmira,42,10,0,76,54,0,1,0,-5,0,0,1010,10,60,0.0065
USA (NY) Farmingdale,40,44,0,73,25,0,1,0,-5,0,0,1010,10,60,0.0065
USA (NY) Glens Falls,43,21,0,73,37,0,1,0,-5,0,0,1010,10,60,0.0065
USA (NY) Islip,40,48,0,73,6,0,1,0,-5,0,0,1010,10,60,0.0065
USA (NY) Ithaca,42,29,0,76,27,0,1,0,-5,0,0,1010,10,60,0.0065
USA (NY) Jamestown,42,9,0,79,15,0,1,0,-5,0,0,1010,10,60,0.0065
USA (NY) Massena,44,56,0,74,51,0,1,0,-5,0,0,1010,10,60,0.0065
USA (NY) Monticello,41,38,0,74,42,0,1,0,-5,0,0,1010,10,60,0.0065
USA (NY) Newburgh,41,30,0,74,6,0,1,0,-5,0,0,1010,10,60,0.0065
USA (NY) Niagara Falls,43,6,0,78,57,0,1,0,-5,0,0,1010,10,60,0.0065
USA (NY) Ogdensburg,44,41,0,75,28,0,1,0,-5,0,0,1010,10,60,0.0065
USA (NY) Olean,42,14,0,78,23,0,1,0,-5,0,0,1010,10,60,0.0065
USA (NY) Plattsburgh,44,39,0,73,28,0,1,0,-5,0,0,1010,10,60,0.0065
USA (NY) Poughkeepsie,41,38,0,73,53,0,1,0,-5,0,0,1010,10,60,0.0065
USA (NY) Rochester,43,7,0,77,40,0,1,0,-5,0,0,1010,10,60,0.0065
USA (NY) Saranac Lake,44,23,0,74,12,0,1,0,-5,0,0,1010,10,60,0.0065
USA (NY) Schenectady,42,51,0,73,56,0,1,0,-5,0,0,1010,10,60,0.0065
USA (NY) Syracuse,43,7,0,76,6,0,1,0,-5,0,0,1010,10,60,0.0065
USA (NY) Utica,43,8,0,75,23,0,1,0,-5,0,0,1010,10,60,0.0065
USA (NY) Watertown,43,59,0,76,1,0,1,0,-5,0,0,1010,10,60,0.0065
USA (NY) Westchester Cty,41,4,0,73,42,0,1,0,-5,0,0,1010,10,60,0.0065
USA (NY) Westhampton,40,51,0,72,38,0,1,0,-5,0,0,1010,10,60,0.0065
USA (OH) Akron,40,55,0,81,27,0,1,0,-5,0,0,1010,10,60,0.0065
USA (OH) Cincinnati,39,6,0,84,25,0,1,0,-5,0,0,1010,10,60,0.0065
USA (OH) Cleveland,41,31,0,81,41,0,1,0,-5,0,0,1010,10,60,0.0065
USA (OH) Columbus,39,59,0,82,53,0,1,0,-5,0,0,1010,10,60,0.0065
USA (OH) Dayton,39,35,0,84,13,0,1,0,-5,0,0,1010,10,60,0.0065
USA (OH) Findlay,41,1,0,83,40,0,1,0,-5,0,0,1010,10,60,0.0065
USA (OH) Hamilton,39,22,0,84,32,0,1,0,-5,0,0,1010,10,60,0.0065
USA (OH) Lima,40,43,0,84,2,0,1,0,-5,0,0,1010,10,60,0.0065
USA (OH) Mansfield,40,49,0,82,31,0,1,0,-5,0,0,1010,10,60,0.0065
USA (OH) Middletown,39,32,0,84,24,0,1,0,-5,0,0,1010,10,60,0.0065
USA (OH) Springfield,39,50,0,83,50,0,1,0,-5,0,0,1010,10,60,0.0065
USA (OH) Toledo,41,35,0,83,48,0,1,0,-5,0,0,1010,10,60,0.0065
USA (OH) Wapakoneta,40,30,0,84,18,0,1,0,-5,0,0,1010,10,60,0.0065
USA (OH) Wilmington,39,30,0,83,52,0,1,0,-5,0,0,1010,10,60,0.0065
USA (OH) Wooster,40,52,0,81,53,0,1,0,-5,0,0,1010,10,60,0.0065
USA (OH) Youngstown,41,15,0,80,40,0,1,0,-5,0,0,1010,10,60,0.0065
USA (OH) Zanesville,39,57,0,81,54,0,1,0,-5,0,0,1010,10,60,0.0065
USA (OK) Altus,34,40,0,99,16,0,1,0,-6,0,0,1010,10,60,0.0065
USA (OK) Ardmore,34,18,0,97,1,0,1,0,-6,0,0,1010,10,60,0.0065
USA (OK) Bartlesville,36,46,0,96,1,0,1,0,-6,0,0,1010,10,60,0.0065
USA (OK) Chickasha,35,2,0,97,58,0,1,0,-6,0,0,1010,10,60,0.0065
USA (OK) Clinton,35,32,0,98,56,0,1,0,-7,0,0,1010,10,60,0.0065
USA (OK) Duncan,34,28,0,97,58,0,1,0,-6,0,0,1010,10,60,0.0065
USA (OK) Enid,36,20,0,97,55,0,1,0,-6,0,0,1010,10,60,0.0065
USA (OK) Lawton,34,34,0,98,25,0,1,0,-6,0,0,1010,10,60,0.0065
USA (OK) Mcalester,34,53,0,95,47,0,1,0,-6,0,0,1010,10,60,0.0065
USA (OK) Miami,36,54,0,94,53,0,1,0,-6,0,0,1010,10,60,0.0065
USA (OK) Muskogee,35,39,0,95,22,0,1,0,-6,0,0,1010,10,60,0.0065
USA (OK) Norman,35,14,0,97,28,0,1,0,-6,0,0,1010,10,60,0.0065
USA (OK) Oklahoma City,35,32,0,97,39,0,1,0,-6,0,0,1010,10,60,0.0065
USA (OK) Ponca City,36,44,0,97,6,0,1,0,-6,0,0,1010,10,60,0.0065
USA (OK) Stillwater,36,10,0,97,5,0,1,0,-6,0,0,1010,10,60,0.0065
USA (OK) Tulsa,36,12,0,95,53,0,1,0,-6,0,0,1010,10,60,0.0065
USA (OK) Woodward,36,26,0,99,32,0,1,0,-6,0,0,1010,10,60,0.0065
USA (OR) Astoria,46,10,0,123,53,0,1,0,-8,0,0,1010,10,60,0.0065
USA (OR) Baker,44,50,0,117,49,0,1,0,-8,0,0,1010,10,60,0.0065
USA (OR) Bend,44,15,0,121,9,0,1,0,-8,0,0,1010,10,60,0.0065
USA (OR) Burns,43,35,0,118,57,0,1,0,-8,0,0,1010,10,60,0.0065
USA (OR) Corvallis,44,30,0,123,17,0,1,0,-8,0,0,1010,10,60,0.0065
USA (OR) Eugene,44,7,0,123,13,0,1,0,-8,0,0,1010,10,60,0.0065
USA (OR) Hillsboro,45,32,0,122,57,0,1,0,-8,0,0,1010,10,60,0.0065
USA (OR) La Grande,45,17,0,118,0,0,1,0,-8,0,0,1010,10,60,0.0065
USA (OR) Medford,42,22,0,122,52,0,1,0,-8,0,0,1010,10,60,0.0065
USA (OR) Newport,44,35,0,124,3,0,1,0,-8,0,0,1010,10,60,0.0065
USA (OR) North Bend,43,25,0,124,14,0,1,0,-8,0,0,1010,10,60,0.0065
USA (OR) Ontario,44,1,0,117,1,0,1,0,-8,0,0,1010,10,60,0.0065
USA (OR) Pendleton,45,42,0,118,50,0,1,0,-8,0,0,1010,10,60,0.0065
USA (OR) Portland,45,35,0,122,36,0,1,0,-8,0,0,1010,10,60,0.0065
USA (OR) Roseburg,43,14,0,123,22,0,1,0,-8,0,0,1010,10,60,0.0065
USA (OR) Salem,44,55,0,123,0,0,1,0,-8,0,0,1010,10,60,0.0065
USA (OR) The Dalles,45,37,0,121,10,0,1,0,-8,0,0,1010,10,60,0.0065
USA (OR) Troutdale,45,33,0,122,24,0,1,0,-8,0,0,1010,10,60,0.0065
USA (PA) Altoona,40,18,0,78,19,0,1,0,-5,0,0,1010,10,60,0.0065
USA (PA) Bradford,41,48,0,78,38,0,1,0,-5,0,0,1010,10,60,0.0065
USA (PA) Clearfield,40,53,0,78,5,0,1,0,-5,0,0,1010,10,60,0.0065
USA (PA) Du Bois,41,11,0,78,54,0,1,0,-5,0,0,1010,10,60,0.0065
USA (PA) Erie,42,5,0,80,11,0,1,0,-5,0,0,1010,10,60,0.0065
USA (PA) Franklin,41,23,0,79,52,0,1,0,-5,0,0,1010,10,60,0.0065
USA (PA) Harrisburg,40,15,35,76,52,56,1,0,-5,107,0,1010,10,60,0.0065
USA (PA) Hazleton,40,59,0,75,59,0,1,0,-5,0,0,1010,10,60,0.0065
USA (PA) Johnstown,40,19,0,78,50,0,1,0,-5,0,0,1010,10,60,0.0065
USA (PA) Lancaster,40,7,0,76,18,0,1,0,-5,0,0,1010,10,60,0.0065
USA (PA) Latrobe,40,17,0,79,24,0,1,0,-5,0,0,1010,10,60,0.0065
USA (PA) Middletown,40,12,0,76,46,0,1,0,-5,0,0,1010,10,60,0.0065
USA (PA) Philadelphia,40,5,0,75,1,0,1,0,-5,0,0,1010,10,60,0.0065
USA (PA) Pittsburgh,40,30,0,80,14,0,1,0,-5,0,0,1010,10,60,0.0065
USA (PA) Reading,40,23,0,75,58,0,1,0,-5,0,0,1010,10,60,0.0065
USA (PA) Scranton,41,20,0,75,44,0,1,0,-5,0,0,1010,10,60,0.0065
USA (PA) Williamsport,41,15,0,76,55,0,1,0,-5,0,0,1010,10,60,0.0065
USA (PA) Willow Grove,40,12,0,75,9,0,1,0,-5,0,0,1010,10,60,0.0065
USA (RI) Providence,41,44,0,71,26,0,1,0,-5,0,0,1010,10,60,0.0065
USA (RI) Westerly,41,21,0,71,48,0,1,0,-5,0,0,1010,10,60,0.0065
USA (SC) Aiken,33,39,0,81,41,0,1,0,-5,0,0,1010,10,60,0.0065
USA (SC) Anderson,34,30,0,82,43,0,1,0,-5,0,0,1010,10,60,0.0065
USA (SC) Charleston,32,54,0,80,2,0,1,0,-5,0,0,1010,10,60,0.0065
USA (SC) Columbia,33,56,0,81,7,0,1,0,-5,0,0,1010,10,60,0.0065
USA (SC) Florence,34,11,0,79,43,0,1,0,-5,0,0,1010,10,60,0.0065
USA (SC) Georgetown,33,19,0,79,19,0,1,0,-5,0,0,1010,10,60,0.0065
USA (SC) Greenville,34,54,0,82,13,0,1,0,-5,0,0,1010,10,60,0.0065
USA (SC) Greenwood,34,15,0,82,10,0,1,0,-5,0,0,1010,10,60,0.0065
USA (SC) Myrtle Beach,33,41,0,78,56,0,1,0,-5,0,0,1010,10,60,0.0065
USA (SC) Orangeburg,33,28,0,80,51,0,1,0,-5,0,0,1010,10,60,0.0065
USA (SC) Spartanburg,34,55,0,81,57,0,1,0,-5,0,0,1010,10,60,0.0065
USA (SC) Sumter,33,58,0,80,28,0,1,0,-5,0,0,1010,10,60,0.0065
USA (SD) Aberdeen,45,27,0,98,26,0,1,0,-6,0,0,1010,10,60,0.0065
USA (SD) Brookings,44,18,0,96,49,0,1,0,-6,0,0,1010,10,60,0.0065
USA (SD) Huron,44,23,0,98,14,0,1,0,0,0,0,1010,10,60,0.0065
USA (SD) Pierre,44,23,0,100,17,0,1,0,-6,0,0,1010,10,60,0.0065
USA (SD) Rapid City,44,3,0,103,3,0,1,0,-7,0,0,1010,10,60,0.0065
USA (SD) Sioux Falls,43,35,0,96,44,0,1,0,-6,0,0,1010,10,60,0.0065
USA (SD) Spearfish,44,29,0,103,47,0,1,0,-7,0,0,1010,10,60,0.0065
USA (SD) Watertown,44,55,0,97,9,0,1,0,-5,0,0,1010,10,60,0.0065
USA (TN) Bristol,36,29,0,82,24,0,1,0,-5,0,0,1010,10,60,0.0065
USA (TN) Chattanooga,35,2,0,85,12,0,1,0,-5,0,0,1010,10,60,0.0065
USA (TN) Clarksville,36,37,0,87,25,0,1,0,-6,0,0,1010,10,60,0.0065
USA (TN) Crossville,35,57,0,85,5,0,1,0,-6,0,0,1010,10,60,0.0065
USA (TN) Greenville,36,11,0,82,49,0,1,0,-5,0,0,1010,10,60,0.0065
USA (TN) Jackson,35,36,0,88,55,0,1,0,-6,0,0,1010,10,60,0.0065
USA (TN) Knoxville,35,49,0,83,60,0,1,0,-5,0,0,1010,10,60,0.0065
USA (TN) Memphis,35,3,0,89,59,0,1,0,-6,0,0,1010,10,60,0.0065
USA (TN) Nashville,36,8,0,86,41,0,1,0,-6,0,0,1010,10,60,0.0065
USA (TN) Paris,36,20,0,88,23,0,1,0,-6,0,0,1010,10,60,0.0065
USA (TN) Smyrna,36,1,0,86,31,0,1,0,-6,0,0,1010,10,60,0.0065
USA (TN) Tullahoma,35,23,0,86,15,0,1,0,-6,0,0,1010,10,60,0.0065
USA (TX) Abilene,32,25,0,99,41,0,1,0,-6,0,0,1010,10,60,0.0065
USA (TX) Amarillo,35,14,0,101,43,0,1,0,-6,0,0,1010,10,60,0.0065
USA (TX) Beaumont,29,57,0,94,1,0,1,0,-6,0,0,1010,10,60,0.0065
USA (TX) Borger,35,42,0,101,24,0,1,0,-6,0,0,1010,10,60,0.0065
USA (TX) Brownsville,25,54,0,97,26,0,1,0,-6,0,0,1010,10,60,0.0065
USA (TX) Brownwood,31,48,0,98,57,0,1,0,-6,0,0,1010,10,60,0.0065
USA (TX) College Station,30,35,0,96,22,0,1,0,-7,0,0,1010,10,60,0.0065
USA (TX) Corpus Christi,27,42,0,97,17,0,1,0,-6,0,0,1010,10,60,0.0065
USA (TX) Dallas,32,41,0,96,52,0,1,0,-6,0,0,1010,10,60,0.0065
USA (TX) Dallas,32,58,0,96,50,0,1,0,-6,0,0,1010,10,60,0.0065
USA (TX) Del Rio,29,22,0,100,47,0,1,0,-6,0,0,1010,10,60,0.0065
USA (TX) El Paso,31,48,0,106,23,0,1,0,-6,0,0,1010,10,60,0.0065
USA (TX) Fort Worth,32,46,0,97,26,0,1,0,-6,0,0,1010,10,60,0.0065
USA (TX) Galveston,29,16,0,94,52,0,1,0,-6,0,0,1010,10,60,0.0065
USA (TX) Greenville,33,4,0,96,4,0,1,0,-6,0,0,1010,10,60,0.0065
USA (TX) Harlingen,26,14,0,97,39,0,1,0,-6,0,0,1010,10,60,0.0065
USA (TX) Houston,29,39,0,95,17,0,1,0,-6,0,0,1010,10,60,0.0065
USA (TX) Killeen,31,5,0,97,41,0,1,0,-6,0,0,1010,10,60,0.0065
USA (TX) Laredo,27,33,0,99,28,0,1,0,-6,0,0,1010,10,60,0.0065
USA (TX) Longview,32,23,0,94,43,0,1,0,-6,0,0,1010,10,60,0.0065
USA (TX) Lubbock,33,40,0,101,49,0,1,0,-6,0,0,1010,10,60,0.0065
USA (TX) Lufkin,31,14,0,94,45,0,1,0,-6,0,0,1010,10,60,0.0065
USA (TX) Marshall,32,31,0,94,18,0,1,0,-6,0,0,1010,10,60,0.0065
USA (TX) Meacham Field,32,49,0,97,22,0,1,0,-6,0,0,1010,10,60,0.0065
USA (TX) Midland,31,56,0,102,12,0,1,0,-6,0,0,1010,10,60,0.0065
USA (TX) Mission,26,11,0,98,14,0,1,0,-6,0,0,1010,10,60,0.0065
USA (TX) Palacios,28,44,0,96,15,0,1,0,-6,0,0,1010,10,60,0.0065
USA (TX) Paris,33,38,0,95,27,0,1,0,-6,0,0,1010,10,60,0.0065
USA (TX) Plainview,34,10,0,101,43,0,1,0,-6,0,0,1010,10,60,0.0065
USA (TX) Rockport,28,5,0,97,3,0,1,0,-6,0,0,1010,10,60,0.0065
USA (TX) San Antonio,29,23,0,98,35,0,1,0,-6,0,0,1010,10,60,0.0065
USA (TX) Sugar Land,29,38,0,95,40,0,1,0,-6,0,0,1010,10,60,0.0065
USA (TX) Temple,31,9,0,97,25,0,1,0,-6,0,0,1010,10,60,0.0065
USA (TX) Tyler,32,21,0,95,24,0,1,0,-6,0,0,1010,10,60,0.0065
USA (TX) Victoria,28,51,0,96,55,0,1,0,-6,0,0,1010,10,60,0.0065
USA (TX) Waco,31,37,0,97,14,0,1,0,-6,0,0,1010,10,60,0.0065
USA (TX) Wichita Falls,33,59,0,98,30,0,1,0,-6,0,0,1010,10,60,0.0065
USA (UT) Blanding,37,35,0,109,29,0,1,0,-7,0,0,1010,10,60,0.0065
USA (UT) Brigham City,41,33,0,112,4,0,1,0,-7,0,0,1010,10,60,0.0065
USA (UT) Bryce Canyon,37,42,0,112,9,0,1,0,-7,0,0,1010,10,60,0.0065
USA (UT) Cedar City,37,42,0,113,6,0,1,0,-7,0,0,1010,10,60,0.0065
USA (UT) Delta,39,23,0,112,30,0,1,0,-7,0,0,1010,10,60,0.0065
USA (UT) Dugway,40,12,0,112,56,0,1,0,-7,0,0,1010,10,60,0.0065
USA (UT) Kanab,37,1,0,112,32,0,1,0,-7,0,0,1010,10,60,0.0065
USA (UT) Logan,41,47,0,111,51,0,1,0,-7,0,0,1010,10,60,0.0065
USA (UT) Milford,38,26,0,113,1,0,1,0,-7,0,0,1010,10,60,0.0065
USA (UT) Moab,38,46,0,109,45,0,1,0,-7,0,0,1010,10,60,0.0065
USA (UT) Ogden,41,7,0,111,58,0,1,0,-7,0,0,1010,10,60,0.0065
USA (UT) Price,39,37,0,110,45,0,1,0,-7,0,0,1010,10,60,0.0065
USA (UT) Provo,40,13,0,111,43,0,1,0,-7,0,0,1010,10,60,0.0065
USA (UT) Richfield,38,44,0,112,6,0,1,0,-7,0,0,1010,10,60,0.0065
USA (UT) Salt Lake City,40,47,0,111,58,0,1,0,-7,0,0,1010,10,60,0.0065
USA (UT) St George,37,6,0,113,36,0,1,0,-7,0,0,1010,10,60,0.0065
USA (UT) Vernal,40,26,0,109,31,0,1,0,-7,0,0,1010,10,60,0.0065
USA (UT) Wendover,40,44,0,114,2,0,1,0,-7,0,0,1010,10,60,0.0065
USA (VA) Blacksburg,37,12,0,80,24,0,1,0,-5,0,0,1010,10,60,0.0065
USA (VA) Charlottesville,38,8,0,78,27,0,1,0,-5,0,0,1010,10,60,0.0065
USA (VA) Chincoteague,37,56,0,75,28,0,1,0,-5,0,0,1010,10,60,0.0065
USA (VA) Danville,36,34,0,79,20,0,1,0,-5,0,0,1010,10,60,0.0065
USA (VA) Dublin,37,8,0,80,41,0,1,0,-5,0,0,1010,10,60,0.0065
USA (VA) Hampton,37,5,0,76,22,0,1,0,-5,0,0,1010,10,60,0.0065
USA (VA) Hot Springs,37,57,0,79,50,0,1,0,-5,0,0,1010,10,60,0.0065
USA (VA) Lynchburg,37,20,0,79,12,0,1,0,-5,0,0,1010,10,60,0.0065
USA (VA) Melfa,37,39,0,75,46,0,1,0,-5,0,0,1010,10,60,0.0065
USA (VA) Newport News,37,8,0,76,30,0,1,0,-5,0,0,1010,10,60,0.0065
USA (VA) Norfolk,36,56,0,76,17,0,1,0,-5,0,0,1010,10,60,0.0065
USA (VA) Oceana,36,49,0,76,2,0,1,0,-5,0,0,1010,10,60,0.0065
USA (VA) Richmond,37,30,0,77,19,0,1,0,-5,0,0,1010,10,60,0.0065
USA (VA) Roanoke,37,19,0,79,59,0,1,0,-5,0,0,1010,10,60,0.0065
USA (VA) Staunton,38,16,0,78,54,0,1,0,-5,0,0,1010,10,60,0.0065
USA (VA) Wise,36,59,0,82,32,0,1,0,-5,0,0,1010,10,60,0.0065
USA (VT) Burlington,44,28,0,73,9,0,1,0,-5,0,0,1010,10,60,0.0065
USA (VT) Montpelier,44,12,0,72,34,0,1,0,-5,0,0,1010,10,60,0.0065
USA (VT) Rutland,43,32,0,72,57,0,1,0,-5,0,0,1010,10,60,0.0065
USA (VT) Springfield,43,20,0,72,31,0,1,0,-5,0,0,1010,10,60,0.0065
USA (WA) Bellingham,48,48,0,122,32,0,1,0,-8,0,0,1010,10,60,0.0065
USA (WA) Bremerton,47,29,0,122,46,0,1,0,-8,0,0,1010,10,60,0.0065
USA (WA) Chehalis,46,40,0,122,59,0,1,0,-8,0,0,1010,10,60,0.0065
USA (WA) Ellensburg,47,2,0,120,32,0,1,0,-8,0,0,1010,10,60,0.0065
USA (WA) Everett,47,55,0,122,17,0,1,0,-8,0,0,1010,10,60,0.0065
USA (WA) Moses Lake,47,12,0,119,19,0,1,0,-8,0,0,1010,10,60,0.0065
USA (WA) Olympia,46,58,0,122,54,0,1,0,-8,0,0,1010,10,60,0.0065
USA (WA) Port Angeles,48,7,0,123,30,0,1,0,-8,0,0,1010,10,60,0.0065
USA (WA) Renton,47,30,0,122,13,0,1,0,-8,0,0,1010,10,60,0.0065
USA (WA) Seattle,47,27,0,122,18,0,1,0,-8,0,0,1010,10,60,0.0065
USA (WA) Shelton,47,14,0,123,8,0,1,0,-8,0,0,1010,10,60,0.0065
USA (WA) Spokane,47,37,0,117,39,0,1,0,-8,0,0,1010,10,60,0.0065
USA (WA) Tacoma,47,8,0,122,29,0,1,0,-8,0,0,1010,10,60,0.0065
USA (WA) Walla Walla,46,6,0,118,17,0,1,0,-8,0,0,1010,10,60,0.0065
USA (WA) Wenatchee,47,24,0,120,12,0,1,0,-8,0,0,1010,10,60,0.0065
USA (WA) Whidbey Island,48,21,0,122,39,0,1,0,-8,0,0,1010,10,60,0.0065
USA (WA) Yakima,46,34,0,120,32,0,1,0,-8,0,0,1010,10,60,0.0065
USA (WI) Appleton,44,15,0,88,31,0,1,0,-6,0,0,1010,10,60,0.0065
USA (WI) Ashland,46,33,0,90,55,0,1,0,-6,0,0,1010,10,60,0.0065
USA (WI) Camp Douglas,43,56,0,90,16,0,1,0,-6,0,0,1010,10,60,0.0065
USA (WI) Eau Claire,44,52,0,91,29,0,1,0,-6,0,0,1010,10,60,0.0065
USA (WI) Fond Du Lac,43,46,0,88,29,0,1,0,-6,0,0,1010,10,60,0.0065
USA (WI) Green Bay,44,29,0,88,8,0,1,0,-6,0,0,1010,10,60,0.0065
USA (WI) Janesvlle,42,37,0,89,2,0,1,0,-6,0,0,1010,10,60,0.0065
USA (WI) Kenosha,42,36,0,87,55,0,1,0,-6,0,0,1010,10,60,0.0065
USA (WI) La Crosse,43,53,0,91,15,0,1,0,-6,0,0,1010,10,60,0.0065
USA (WI) Madison,43,9,0,89,20,0,1,0,-6,0,0,1010,10,60,0.0065
USA (WI) Manitowoc,44,8,0,87,41,0,1,0,-6,0,0,1010,10,60,0.0065
USA (WI) Marshfield,44,38,0,90,11,0,1,0,-6,0,0,1010,10,60,0.0065
USA (WI) Milwaukee,42,57,0,87,54,0,1,0,-6,0,0,1010,10,60,0.0065
USA (WI) Minocqua,45,55,0,89,44,0,1,0,-6,0,0,1010,10,60,0.0065
USA (WI) Oshkosh,43,59,0,88,33,0,1,0,-6,0,0,1010,10,60,0.0065
USA (WI) Racine,42,45,0,87,49,0,1,0,-6,0,0,1010,10,60,0.0065
USA (WI) Rhinelander,45,38,0,89,27,0,1,0,-6,0,0,1010,10,60,0.0065
USA (WI) Sheboygan,43,46,0,87,51,0,1,0,-6,0,0,1010,10,60,0.0065
USA (WI) Stevens Point,44,33,0,89,32,0,1,0,-6,0,0,1010,10,60,0.0065
USA (WI) Sturgeon Bay,44,51,0,87,25,0,1,0,-6,0,0,1010,10,60,0.0065
USA (WI) Waukesha,43,2,0,88,14,0,1,0,-6,0,0,1010,10,60,0.0065
USA (WI) Wausau,44,55,0,89,37,0,1,0,-6,0,0,1010,10,60,0.0065
USA (WI) Wisconsin Rapids,44,22,0,89,50,0,1,0,-6,0,0,1010,10,60,0.0065
USA (WV) Beckley,37,47,0,81,7,0,1,0,-5,0,0,1010,10,60,0.0065
USA (WV) Charleston,38,22,0,81,36,0,1,0,-5,0,0,1010,10,60,0.0065
USA (WV) Clarksburg,39,18,0,80,14,0,1,0,-5,0,0,1010,10,60,0.0065
USA (WV) Elkins,38,53,0,79,51,0,1,0,-5,0,0,1010,10,60,0.0065
USA (WV) Greenbrier,37,52,0,80,24,0,1,0,-5,0,0,1010,10,60,0.0065
USA (WV) Huntington,38,22,0,82,33,0,1,0,-5,0,0,1010,10,60,0.0065
USA (WV) Martinsburg,39,24,0,77,59,0,1,0,-5,0,0,1010,10,60,0.0065
USA (WV) Morgantown,39,39,0,79,55,0,1,0,-5,0,0,1010,10,60,0.0065
USA (WV) Parkersburg,39,21,0,81,26,0,1,0,-5,0,0,1010,10,60,0.0065
USA (WV) Princeton,37,18,0,81,12,0,1,0,-5,0,0,1010,10,60,0.0065
USA (WV) Wheeling,40,10,0,80,39,0,1,0,-5,0,0,1010,10,60,0.0065
USA (WY) Buffalo,44,23,0,106,43,0,1,0,-7,0,0,1010,10,60,0.0065
USA (WY) Casper,42,55,0,106,28,0,1,0,-7,0,0,1010,10,60,0.0065
USA (WY) Cheyenne,41,9,0,104,49,0,1,0,-7,0,0,1010,10,60,0.0065
USA (WY) Cody,44,31,0,109,2,0,1,0,-7,0,0,1010,10,60,0.0065
USA (WY) Evanston,41,21,0,111,0,0,1,0,-7,0,0,1010,10,60,0.0065
USA (WY) Fort Bridger,41,24,0,110,24,0,1,0,-7,0,0,1010,10,60,0.0065
USA (WY) Gillette,44,21,0,105,32,0,1,0,-7,0,0,1010,10,60,0.0065
USA (WY) Greybull,44,31,0,108,5,0,1,0,-7,0,0,1010,10,60,0.0065
USA (WY) Jackson,43,36,0,110,44,0,1,0,-7,0,0,1010,10,60,0.0065
USA (WY) Kemmerer,41,50,0,110,34,0,1,0,-7,0,0,1010,10,60,0.0065
USA (WY) Lander,42,49,0,108,44,0,1,0,-7,0,0,1010,10,60,0.0065
USA (WY) Laramie,41,19,0,105,40,0,1,0,-7,0,0,1010,10,60,0.0065
USA (WY) Powell,44,52,0,108,47,0,1,0,-7,0,0,1010,10,60,0.0065
USA (WY) Rawlins,41,48,0,107,12,0,1,0,-7,0,0,1010,10,60,0.0065
USA (WY) Riverton,43,4,0,108,27,0,1,0,-7,0,0,1010,10,60,0.0065
USA (WY) Rock Springs,41,36,0,109,4,0,1,0,-7,0,0,1010,10,60,0.0065
USA (WY) Saratoga,41,27,0,106,49,0,1,0,-7,0,0,1010,10,60,0.0065
USA (WY) Sheridan,44,46,0,106,59,0,1,0,-7,0,0,1010,10,60,0.0065
USA (WY) Worland,43,58,0,107,57,0,1,0,-7,0,0,1010,10,60,0.0065
VENEZUELA Barcelona,10,7,0,64,41,0,1,0,-4,0,0,1010,10,60,0.0065
VENEZUELA Barquisimeto,10,3,0,69,21,0,1,0,-4,0,0,1010,10,60,0.0065
VENEZUELA Caracas,10,36,0,66,59,0,1,0,-4,0,0,1010,10,60,0.0065
VENEZUELA Coro,11,25,0,69,41,0,1,0,-4,0,0,1010,10,60,0.0065
VENEZUELA Las Piedras,11,47,0,70,9,0,1,0,-4,0,0,1010,10,60,0.0065
VENEZUELA Maracaibo,10,34,0,71,44,0,1,0,-4,0,0,1010,10,60,0.0065
VENEZUELA Maracay,10,15,0,67,36,0,1,0,-4,0,0,1010,10,60,0.0065
VENEZUELA Maturin,9,45,0,63,9,0,1,0,-4,0,0,1010,10,60,0.0065
VENEZUELA Porlamar,10,58,0,63,50,0,1,0,-4,0,0,1010,10,60,0.0065